Calderdale GF,Time,Celsius(°C),High Alarm,Low Alarm,Humidity(%rh),High Alarm rh,Low Alarm rh,Dew Point(°C),Serial Number
1,2015-03-11 11:42:05,16.0,25.0,12.0,55.5,60.0,40.0,7.1,010015613
2,2015-03-11 12:12:05,13.5,25.0,12.0,57.0,60.0,40.0,5.2
3,2015-03-11 12:42:05,12.5,25.0,12.0,60.0,60.0,40.0,5.0
4,2015-03-11 13:12:05,12.5,25.0,12.0,61.0,60.0,40.0,5.2
5,2015-03-11 13:42:05,12.5,25.0,12.0,61.0,60.0,40.0,5.2
6,2015-03-11 14:12:05,12.5,25.0,12.0,60.5,60.0,40.0,5.1
7,2015-03-11 14:42:05,12.5,25.0,12.0,60.5,60.0,40.0,5.1
8,2015-03-11 15:12:05,12.5,25.0,12.0,61.0,60.0,40.0,5.2
9,2015-03-11 15:42:05,12.5,25.0,12.0,60.5,60.0,40.0,5.1
10,2015-03-11 16:12:05,12.5,25.0,12.0,60.5,60.0,40.0,5.1
11,2015-03-11 16:42:05,12.5,25.0,12.0,60.5,60.0,40.0,5.1
12,2015-03-11 17:12:05,12.5,25.0,12.0,60.5,60.0,40.0,5.1
13,2015-03-11 17:42:05,12.5,25.0,12.0,60.5,60.0,40.0,5.1
14,2015-03-11 18:12:05,12.5,25.0,12.0,60.0,60.0,40.0,5.0
15,2015-03-11 18:42:05,12.5,25.0,12.0,60.0,60.0,40.0,5.0
16,2015-03-11 19:12:05,12.5,25.0,12.0,59.5,60.0,40.0,4.8
17,2015-03-11 19:42:05,12.5,25.0,12.0,59.5,60.0,40.0,4.8
18,2015-03-11 20:12:05,12.5,25.0,12.0,59.0,60.0,40.0,4.7
19,2015-03-11 20:42:05,12.5,25.0,12.0,58.5,60.0,40.0,4.6
20,2015-03-11 21:12:05,12.5,25.0,12.0,58.5,60.0,40.0,4.6
21,2015-03-11 21:42:05,12.5,25.0,12.0,58.0,60.0,40.0,4.5
22,2015-03-11 22:12:05,12.5,25.0,12.0,58.0,60.0,40.0,4.5
23,2015-03-11 22:42:05,12.5,25.0,12.0,58.5,60.0,40.0,4.6
24,2015-03-11 23:12:05,12.5,25.0,12.0,58.5,60.0,40.0,4.6
25,2015-03-11 23:42:05,12.5,25.0,12.0,58.5,60.0,40.0,4.6
26,2015-03-12 00:12:05,12.5,25.0,12.0,58.5,60.0,40.0,4.6
27,2015-03-12 00:42:05,12.5,25.0,12.0,59.0,60.0,40.0,4.7
28,2015-03-12 01:12:05,12.5,25.0,12.0,59.0,60.0,40.0,4.7
29,2015-03-12 01:42:05,12.5,25.0,12.0,59.0,60.0,40.0,4.7
30,2015-03-12 02:12:05,12.5,25.0,12.0,59.0,60.0,40.0,4.7
31,2015-03-12 02:42:05,12.5,25.0,12.0,59.0,60.0,40.0,4.7
32,2015-03-12 03:12:05,12.5,25.0,12.0,59.5,60.0,40.0,4.8
33,2015-03-12 03:42:05,12.5,25.0,12.0,59.5,60.0,40.0,4.8
34,2015-03-12 04:12:05,12.5,25.0,12.0,59.5,60.0,40.0,4.8
35,2015-03-12 04:42:05,12.5,25.0,12.0,59.5,60.0,40.0,4.8
36,2015-03-12 05:12:05,12.5,25.0,12.0,59.0,60.0,40.0,4.7
37,2015-03-12 05:42:05,12.5,25.0,12.0,59.0,60.0,40.0,4.7
38,2015-03-12 06:12:05,12.5,25.0,12.0,59.0,60.0,40.0,4.7
39,2015-03-12 06:42:05,12.5,25.0,12.0,58.5,60.0,40.0,4.6
40,2015-03-12 07:12:05,12.5,25.0,12.0,58.5,60.0,40.0,4.6
41,2015-03-12 07:42:05,12.5,25.0,12.0,58.5,60.0,40.0,4.6
42,2015-03-12 08:12:05,12.5,25.0,12.0,58.5,60.0,40.0,4.6
43,2015-03-12 08:42:05,12.5,25.0,12.0,58.5,60.0,40.0,4.6
44,2015-03-12 09:12:05,12.5,25.0,12.0,58.5,60.0,40.0,4.6
45,2015-03-12 09:42:05,12.5,25.0,12.0,58.5,60.0,40.0,4.6
46,2015-03-12 10:12:05,12.5,25.0,12.0,58.5,60.0,40.0,4.6
47,2015-03-12 10:42:05,12.5,25.0,12.0,58.5,60.0,40.0,4.6
48,2015-03-12 11:12:05,12.5,25.0,12.0,59.0,60.0,40.0,4.7
49,2015-03-12 11:42:05,12.5,25.0,12.0,59.0,60.0,40.0,4.7
50,2015-03-12 12:12:05,12.5,25.0,12.0,59.0,60.0,40.0,4.7
51,2015-03-12 12:42:05,12.5,25.0,12.0,59.5,60.0,40.0,4.8
52,2015-03-12 13:12:05,12.5,25.0,12.0,59.5,60.0,40.0,4.8
53,2015-03-12 13:42:05,12.5,25.0,12.0,59.5,60.0,40.0,4.8
54,2015-03-12 14:12:05,12.5,25.0,12.0,59.5,60.0,40.0,4.8
55,2015-03-12 14:42:05,12.5,25.0,12.0,59.5,60.0,40.0,4.8
56,2015-03-12 15:12:05,12.5,25.0,12.0,59.5,60.0,40.0,4.8
57,2015-03-12 15:42:05,12.5,25.0,12.0,60.0,60.0,40.0,5.0
58,2015-03-12 16:12:05,12.5,25.0,12.0,60.0,60.0,40.0,5.0
59,2015-03-12 16:42:05,12.5,25.0,12.0,60.0,60.0,40.0,5.0
60,2015-03-12 17:12:05,12.5,25.0,12.0,60.0,60.0,40.0,5.0
61,2015-03-12 17:42:05,12.5,25.0,12.0,60.0,60.0,40.0,5.0
62,2015-03-12 18:12:05,12.5,25.0,12.0,60.5,60.0,40.0,5.1
63,2015-03-12 18:42:05,12.5,25.0,12.0,60.5,60.0,40.0,5.1
64,2015-03-12 19:12:05,12.5,25.0,12.0,60.5,60.0,40.0,5.1
65,2015-03-12 19:42:05,12.5,25.0,12.0,60.5,60.0,40.0,5.1
66,2015-03-12 20:12:05,12.5,25.0,12.0,60.0,60.0,40.0,5.0
67,2015-03-12 20:42:05,12.5,25.0,12.0,60.0,60.0,40.0,5.0
68,2015-03-12 21:12:05,12.5,25.0,12.0,60.0,60.0,40.0,5.0
69,2015-03-12 21:42:05,12.5,25.0,12.0,60.0,60.0,40.0,5.0
70,2015-03-12 22:12:05,12.5,25.0,12.0,59.5,60.0,40.0,4.8
71,2015-03-12 22:42:05,12.5,25.0,12.0,59.5,60.0,40.0,4.8
72,2015-03-12 23:12:05,12.5,25.0,12.0,59.5,60.0,40.0,4.8
73,2015-03-12 23:42:05,12.5,25.0,12.0,59.0,60.0,40.0,4.7
74,2015-03-13 00:12:05,12.5,25.0,12.0,59.0,60.0,40.0,4.7
75,2015-03-13 00:42:05,12.5,25.0,12.0,58.5,60.0,40.0,4.6
76,2015-03-13 01:12:05,12.5,25.0,12.0,58.0,60.0,40.0,4.5
77,2015-03-13 01:42:05,12.5,25.0,12.0,58.0,60.0,40.0,4.5
78,2015-03-13 02:12:05,12.5,25.0,12.0,57.5,60.0,40.0,4.3
79,2015-03-13 02:42:05,12.5,25.0,12.0,57.5,60.0,40.0,4.3
80,2015-03-13 03:12:05,12.5,25.0,12.0,57.0,60.0,40.0,4.2
81,2015-03-13 03:42:05,12.5,25.0,12.0,57.0,60.0,40.0,4.2
82,2015-03-13 04:12:05,12.5,25.0,12.0,57.0,60.0,40.0,4.2
83,2015-03-13 04:42:05,12.5,25.0,12.0,56.5,60.0,40.0,4.1
84,2015-03-13 05:12:05,12.5,25.0,12.0,56.5,60.0,40.0,4.1
85,2015-03-13 05:42:05,12.5,25.0,12.0,56.5,60.0,40.0,4.1
86,2015-03-13 06:12:05,12.0,25.0,12.0,56.5,60.0,40.0,3.6
87,2015-03-13 06:42:05,12.5,25.0,12.0,56.0,60.0,40.0,4.0
88,2015-03-13 07:12:05,12.5,25.0,12.0,56.0,60.0,40.0,4.0
89,2015-03-13 07:42:05,12.5,25.0,12.0,56.0,60.0,40.0,4.0
90,2015-03-13 08:12:05,12.5,25.0,12.0,56.0,60.0,40.0,4.0
91,2015-03-13 08:42:05,12.5,25.0,12.0,56.0,60.0,40.0,4.0
92,2015-03-13 09:12:05,12.0,25.0,12.0,56.0,60.0,40.0,3.5
93,2015-03-13 09:42:05,12.0,25.0,12.0,56.0,60.0,40.0,3.5
94,2015-03-13 10:12:05,12.5,25.0,12.0,56.0,60.0,40.0,4.0
95,2015-03-13 10:42:05,12.5,25.0,12.0,56.0,60.0,40.0,4.0
96,2015-03-13 11:12:05,12.5,25.0,12.0,56.0,60.0,40.0,4.0
97,2015-03-13 11:42:05,12.0,25.0,12.0,56.0,60.0,40.0,3.5
98,2015-03-13 12:12:05,12.0,25.0,12.0,56.5,60.0,40.0,3.6
99,2015-03-13 12:42:05,12.0,25.0,12.0,56.5,60.0,40.0,3.6
100,2015-03-13 13:12:05,12.0,25.0,12.0,56.5,60.0,40.0,3.6
101,2015-03-13 13:42:05,12.0,25.0,12.0,56.5,60.0,40.0,3.6
102,2015-03-13 14:12:05,12.0,25.0,12.0,56.5,60.0,40.0,3.6
103,2015-03-13 14:42:05,12.0,25.0,12.0,56.5,60.0,40.0,3.6
104,2015-03-13 15:12:05,12.0,25.0,12.0,56.5,60.0,40.0,3.6
105,2015-03-13 15:42:05,12.0,25.0,12.0,56.0,60.0,40.0,3.5
106,2015-03-13 16:12:05,12.0,25.0,12.0,56.5,60.0,40.0,3.6
107,2015-03-13 16:42:05,12.5,25.0,12.0,56.0,60.0,40.0,4.0
108,2015-03-13 17:12:05,12.0,25.0,12.0,56.0,60.0,40.0,3.5
109,2015-03-13 17:42:05,12.0,25.0,12.0,56.0,60.0,40.0,3.5
110,2015-03-13 18:12:05,12.0,25.0,12.0,55.5,60.0,40.0,3.4
111,2015-03-13 18:42:05,12.0,25.0,12.0,55.5,60.0,40.0,3.4
112,2015-03-13 19:12:05,12.5,25.0,12.0,55.5,60.0,40.0,3.8
113,2015-03-13 19:42:05,12.0,25.0,12.0,55.5,60.0,40.0,3.4
114,2015-03-13 20:12:05,12.0,25.0,12.0,55.5,60.0,40.0,3.4
115,2015-03-13 20:42:05,12.0,25.0,12.0,55.5,60.0,40.0,3.4
116,2015-03-13 21:12:05,12.0,25.0,12.0,55.0,60.0,40.0,3.3
117,2015-03-13 21:42:05,12.0,25.0,12.0,55.0,60.0,40.0,3.3
118,2015-03-13 22:12:05,12.0,25.0,12.0,55.0,60.0,40.0,3.3
119,2015-03-13 22:42:05,12.0,25.0,12.0,55.0,60.0,40.0,3.3
120,2015-03-13 23:12:05,12.0,25.0,12.0,55.0,60.0,40.0,3.3
121,2015-03-13 23:42:05,12.0,25.0,12.0,55.0,60.0,40.0,3.3
122,2015-03-14 00:12:05,12.0,25.0,12.0,55.0,60.0,40.0,3.3
123,2015-03-14 00:42:05,12.0,25.0,12.0,55.0,60.0,40.0,3.3
124,2015-03-14 01:12:05,12.0,25.0,12.0,55.5,60.0,40.0,3.4
125,2015-03-14 01:42:05,12.0,25.0,12.0,55.5,60.0,40.0,3.4
126,2015-03-14 02:12:05,12.0,25.0,12.0,55.5,60.0,40.0,3.4
127,2015-03-14 02:42:05,12.0,25.0,12.0,55.5,60.0,40.0,3.4
128,2015-03-14 03:12:05,12.0,25.0,12.0,55.5,60.0,40.0,3.4
129,2015-03-14 03:42:05,12.0,25.0,12.0,55.5,60.0,40.0,3.4
130,2015-03-14 04:12:05,12.0,25.0,12.0,55.5,60.0,40.0,3.4
131,2015-03-14 04:42:05,12.0,25.0,12.0,55.5,60.0,40.0,3.4
132,2015-03-14 05:12:05,12.0,25.0,12.0,55.5,60.0,40.0,3.4
133,2015-03-14 05:42:05,12.0,25.0,12.0,55.5,60.0,40.0,3.4
134,2015-03-14 06:12:05,12.0,25.0,12.0,55.5,60.0,40.0,3.4
135,2015-03-14 06:42:05,12.0,25.0,12.0,56.0,60.0,40.0,3.5
136,2015-03-14 07:12:05,12.0,25.0,12.0,56.0,60.0,40.0,3.5
137,2015-03-14 07:42:05,12.0,25.0,12.0,56.0,60.0,40.0,3.5
138,2015-03-14 08:12:05,12.0,25.0,12.0,56.0,60.0,40.0,3.5
139,2015-03-14 08:42:05,12.0,25.0,12.0,56.0,60.0,40.0,3.5
140,2015-03-14 09:12:05,12.0,25.0,12.0,56.0,60.0,40.0,3.5
141,2015-03-14 09:42:05,12.0,25.0,12.0,56.0,60.0,40.0,3.5
142,2015-03-14 10:12:05,12.0,25.0,12.0,56.0,60.0,40.0,3.5
143,2015-03-14 10:42:05,12.0,25.0,12.0,56.0,60.0,40.0,3.5
144,2015-03-14 11:12:05,12.0,25.0,12.0,56.5,60.0,40.0,3.6
145,2015-03-14 11:42:05,12.0,25.0,12.0,56.5,60.0,40.0,3.6
146,2015-03-14 12:12:05,12.0,25.0,12.0,56.5,60.0,40.0,3.6
147,2015-03-14 12:42:05,12.0,25.0,12.0,56.5,60.0,40.0,3.6
148,2015-03-14 13:12:05,12.0,25.0,12.0,56.5,60.0,40.0,3.6
149,2015-03-14 13:42:05,12.0,25.0,12.0,56.5,60.0,40.0,3.6
150,2015-03-14 14:12:05,12.0,25.0,12.0,56.5,60.0,40.0,3.6
151,2015-03-14 14:42:05,12.0,25.0,12.0,56.5,60.0,40.0,3.6
152,2015-03-14 15:12:05,12.0,25.0,12.0,56.5,60.0,40.0,3.6
153,2015-03-14 15:42:05,12.0,25.0,12.0,56.5,60.0,40.0,3.6
154,2015-03-14 16:12:05,12.0,25.0,12.0,56.5,60.0,40.0,3.6
155,2015-03-14 16:42:05,12.0,25.0,12.0,56.5,60.0,40.0,3.6
156,2015-03-14 17:12:05,12.0,25.0,12.0,56.5,60.0,40.0,3.6
157,2015-03-14 17:42:05,12.0,25.0,12.0,56.5,60.0,40.0,3.6
158,2015-03-14 18:12:05,12.0,25.0,12.0,56.5,60.0,40.0,3.6
159,2015-03-14 18:42:05,12.0,25.0,12.0,56.5,60.0,40.0,3.6
160,2015-03-14 19:12:05,12.0,25.0,12.0,56.5,60.0,40.0,3.6
161,2015-03-14 19:42:05,12.0,25.0,12.0,56.5,60.0,40.0,3.6
162,2015-03-14 20:12:05,12.0,25.0,12.0,56.5,60.0,40.0,3.6
163,2015-03-14 20:42:05,12.0,25.0,12.0,56.5,60.0,40.0,3.6
164,2015-03-14 21:12:05,12.0,25.0,12.0,56.5,60.0,40.0,3.6
165,2015-03-14 21:42:05,12.0,25.0,12.0,56.5,60.0,40.0,3.6
166,2015-03-14 22:12:05,12.0,25.0,12.0,56.5,60.0,40.0,3.6
167,2015-03-14 22:42:05,12.0,25.0,12.0,56.5,60.0,40.0,3.6
168,2015-03-14 23:12:05,12.0,25.0,12.0,56.5,60.0,40.0,3.6
169,2015-03-14 23:42:05,12.0,25.0,12.0,56.5,60.0,40.0,3.6
170,2015-03-15 00:12:05,12.0,25.0,12.0,56.5,60.0,40.0,3.6
171,2015-03-15 00:42:05,12.0,25.0,12.0,56.5,60.0,40.0,3.6
172,2015-03-15 01:12:05,12.0,25.0,12.0,56.5,60.0,40.0,3.6
173,2015-03-15 01:42:05,12.0,25.0,12.0,56.5,60.0,40.0,3.6
174,2015-03-15 02:12:05,12.0,25.0,12.0,56.5,60.0,40.0,3.6
175,2015-03-15 02:42:05,12.0,25.0,12.0,56.5,60.0,40.0,3.6
176,2015-03-15 03:12:05,12.0,25.0,12.0,56.5,60.0,40.0,3.6
177,2015-03-15 03:42:05,12.0,25.0,12.0,56.5,60.0,40.0,3.6
178,2015-03-15 04:12:05,12.0,25.0,12.0,56.5,60.0,40.0,3.6
179,2015-03-15 04:42:05,12.0,25.0,12.0,56.5,60.0,40.0,3.6
180,2015-03-15 05:12:05,12.0,25.0,12.0,56.5,60.0,40.0,3.6
181,2015-03-15 05:42:05,12.0,25.0,12.0,56.5,60.0,40.0,3.6
182,2015-03-15 06:12:05,12.0,25.0,12.0,56.5,60.0,40.0,3.6
183,2015-03-15 06:42:05,12.0,25.0,12.0,56.5,60.0,40.0,3.6
184,2015-03-15 07:12:05,12.0,25.0,12.0,56.5,60.0,40.0,3.6
185,2015-03-15 07:42:05,12.0,25.0,12.0,57.0,60.0,40.0,3.8
186,2015-03-15 08:12:05,12.0,25.0,12.0,57.0,60.0,40.0,3.8
187,2015-03-15 08:42:05,12.0,25.0,12.0,57.0,60.0,40.0,3.8
188,2015-03-15 09:12:05,12.0,25.0,12.0,57.5,60.0,40.0,3.9
189,2015-03-15 09:42:05,12.0,25.0,12.0,57.5,60.0,40.0,3.9
190,2015-03-15 10:12:05,12.0,25.0,12.0,57.5,60.0,40.0,3.9
191,2015-03-15 10:42:05,12.0,25.0,12.0,57.5,60.0,40.0,3.9
192,2015-03-15 11:12:05,12.0,25.0,12.0,57.5,60.0,40.0,3.9
193,2015-03-15 11:42:05,12.0,25.0,12.0,58.0,60.0,40.0,4.0
194,2015-03-15 12:12:05,12.0,25.0,12.0,58.0,60.0,40.0,4.0
195,2015-03-15 12:42:05,12.0,25.0,12.0,58.0,60.0,40.0,4.0
196,2015-03-15 13:12:05,12.0,25.0,12.0,58.0,60.0,40.0,4.0
197,2015-03-15 13:42:05,12.0,25.0,12.0,58.5,60.0,40.0,4.1
198,2015-03-15 14:12:05,12.0,25.0,12.0,58.5,60.0,40.0,4.1
199,2015-03-15 14:42:05,12.0,25.0,12.0,58.5,60.0,40.0,4.1
200,2015-03-15 15:12:05,12.0,25.0,12.0,58.5,60.0,40.0,4.1
201,2015-03-15 15:42:05,12.0,25.0,12.0,58.5,60.0,40.0,4.1
202,2015-03-15 16:12:05,12.0,25.0,12.0,58.5,60.0,40.0,4.1
203,2015-03-15 16:42:05,12.0,25.0,12.0,58.5,60.0,40.0,4.1
204,2015-03-15 17:12:05,12.0,25.0,12.0,58.5,60.0,40.0,4.1
205,2015-03-15 17:42:05,12.0,25.0,12.0,58.5,60.0,40.0,4.1
206,2015-03-15 18:12:05,12.0,25.0,12.0,58.5,60.0,40.0,4.1
207,2015-03-15 18:42:05,12.0,25.0,12.0,58.5,60.0,40.0,4.1
208,2015-03-15 19:12:05,12.0,25.0,12.0,58.5,60.0,40.0,4.1
209,2015-03-15 19:42:05,12.0,25.0,12.0,58.5,60.0,40.0,4.1
210,2015-03-15 20:12:05,12.0,25.0,12.0,58.5,60.0,40.0,4.1
211,2015-03-15 20:42:05,12.0,25.0,12.0,58.5,60.0,40.0,4.1
212,2015-03-15 21:12:05,12.0,25.0,12.0,58.5,60.0,40.0,4.1
213,2015-03-15 21:42:05,12.0,25.0,12.0,58.5,60.0,40.0,4.1
214,2015-03-15 22:12:05,12.0,25.0,12.0,58.5,60.0,40.0,4.1
215,2015-03-15 22:42:05,12.0,25.0,12.0,58.5,60.0,40.0,4.1
216,2015-03-15 23:12:05,12.0,25.0,12.0,58.5,60.0,40.0,4.1
217,2015-03-15 23:42:05,12.0,25.0,12.0,58.0,60.0,40.0,4.0
218,2015-03-16 00:12:05,12.0,25.0,12.0,58.5,60.0,40.0,4.1
219,2015-03-16 00:42:05,12.0,25.0,12.0,58.0,60.0,40.0,4.0
220,2015-03-16 01:12:05,12.0,25.0,12.0,58.0,60.0,40.0,4.0
221,2015-03-16 01:42:05,12.0,25.0,12.0,58.0,60.0,40.0,4.0
222,2015-03-16 02:12:05,12.0,25.0,12.0,58.0,60.0,40.0,4.0
223,2015-03-16 02:42:05,12.0,25.0,12.0,58.0,60.0,40.0,4.0
224,2015-03-16 03:12:05,12.0,25.0,12.0,58.0,60.0,40.0,4.0
225,2015-03-16 03:42:05,12.0,25.0,12.0,58.0,60.0,40.0,4.0
226,2015-03-16 04:12:05,12.0,25.0,12.0,57.5,60.0,40.0,3.9
227,2015-03-16 04:42:05,12.0,25.0,12.0,57.5,60.0,40.0,3.9
228,2015-03-16 05:12:05,12.0,25.0,12.0,57.5,60.0,40.0,3.9
229,2015-03-16 05:42:05,12.0,25.0,12.0,57.5,60.0,40.0,3.9
230,2015-03-16 06:12:05,12.0,25.0,12.0,57.5,60.0,40.0,3.9
231,2015-03-16 06:42:05,12.0,25.0,12.0,57.5,60.0,40.0,3.9
232,2015-03-16 07:12:05,12.0,25.0,12.0,57.5,60.0,40.0,3.9
233,2015-03-16 07:42:05,12.0,25.0,12.0,57.5,60.0,40.0,3.9
234,2015-03-16 08:12:05,12.0,25.0,12.0,57.5,60.0,40.0,3.9
235,2015-03-16 08:42:05,12.0,25.0,12.0,57.5,60.0,40.0,3.9
236,2015-03-16 09:12:05,12.5,25.0,12.0,57.0,60.0,40.0,4.2
237,2015-03-16 09:42:05,12.5,25.0,12.0,57.0,60.0,40.0,4.2
238,2015-03-16 10:12:05,12.0,25.0,12.0,57.5,60.0,40.0,3.9
239,2015-03-16 10:42:05,12.5,25.0,12.0,57.0,60.0,40.0,4.2
240,2015-03-16 11:12:05,12.0,25.0,12.0,57.5,60.0,40.0,3.9
241,2015-03-16 11:42:05,12.0,25.0,12.0,57.5,60.0,40.0,3.9
242,2015-03-16 12:12:05,12.0,25.0,12.0,58.0,60.0,40.0,4.0
243,2015-03-16 12:42:05,12.0,25.0,12.0,57.5,60.0,40.0,3.9
244,2015-03-16 13:12:05,12.0,25.0,12.0,58.0,60.0,40.0,4.0
245,2015-03-16 13:42:05,12.0,25.0,12.0,58.0,60.0,40.0,4.0
246,2015-03-16 14:12:05,12.0,25.0,12.0,58.0,60.0,40.0,4.0
247,2015-03-16 14:42:05,12.0,25.0,12.0,58.0,60.0,40.0,4.0
248,2015-03-16 15:12:05,12.5,25.0,12.0,58.0,60.0,40.0,4.5
249,2015-03-16 15:42:05,12.0,25.0,12.0,58.0,60.0,40.0,4.0
250,2015-03-16 16:12:05,12.0,25.0,12.0,58.0,60.0,40.0,4.0
251,2015-03-16 16:42:05,12.0,25.0,12.0,58.0,60.0,40.0,4.0
252,2015-03-16 17:12:05,12.0,25.0,12.0,58.0,60.0,40.0,4.0
253,2015-03-16 17:42:05,12.0,25.0,12.0,58.0,60.0,40.0,4.0
254,2015-03-16 18:12:05,12.0,25.0,12.0,58.0,60.0,40.0,4.0
255,2015-03-16 18:42:05,12.0,25.0,12.0,58.5,60.0,40.0,4.1
256,2015-03-16 19:12:05,12.0,25.0,12.0,58.5,60.0,40.0,4.1
257,2015-03-16 19:42:05,12.0,25.0,12.0,58.5,60.0,40.0,4.1
258,2015-03-16 20:12:05,12.0,25.0,12.0,58.5,60.0,40.0,4.1
259,2015-03-16 20:42:05,12.0,25.0,12.0,58.5,60.0,40.0,4.1
260,2015-03-16 21:12:05,12.0,25.0,12.0,58.5,60.0,40.0,4.1
261,2015-03-16 21:42:05,12.0,25.0,12.0,58.5,60.0,40.0,4.1
262,2015-03-16 22:12:05,12.0,25.0,12.0,58.0,60.0,40.0,4.0
263,2015-03-16 22:42:05,12.0,25.0,12.0,58.0,60.0,40.0,4.0
264,2015-03-16 23:12:05,12.0,25.0,12.0,58.0,60.0,40.0,4.0
265,2015-03-16 23:42:05,12.0,25.0,12.0,57.5,60.0,40.0,3.9
266,2015-03-17 00:12:05,12.0,25.0,12.0,57.5,60.0,40.0,3.9
267,2015-03-17 00:42:05,12.0,25.0,12.0,57.5,60.0,40.0,3.9
268,2015-03-17 01:12:05,12.0,25.0,12.0,57.5,60.0,40.0,3.9
269,2015-03-17 01:42:05,12.0,25.0,12.0,57.0,60.0,40.0,3.8
270,2015-03-17 02:12:05,12.0,25.0,12.0,57.0,60.0,40.0,3.8
271,2015-03-17 02:42:05,12.0,25.0,12.0,56.5,60.0,40.0,3.6
272,2015-03-17 03:12:05,12.0,25.0,12.0,56.5,60.0,40.0,3.6
273,2015-03-17 03:42:05,12.0,25.0,12.0,56.5,60.0,40.0,3.6
274,2015-03-17 04:12:05,12.0,25.0,12.0,56.5,60.0,40.0,3.6
275,2015-03-17 04:42:05,12.0,25.0,12.0,56.5,60.0,40.0,3.6
276,2015-03-17 05:12:05,12.0,25.0,12.0,56.0,60.0,40.0,3.5
277,2015-03-17 05:42:05,12.0,25.0,12.0,56.0,60.0,40.0,3.5
278,2015-03-17 06:12:05,12.0,25.0,12.0,56.0,60.0,40.0,3.5
279,2015-03-17 06:42:05,12.0,25.0,12.0,55.5,60.0,40.0,3.4
280,2015-03-17 07:12:05,12.0,25.0,12.0,55.5,60.0,40.0,3.4
281,2015-03-17 07:42:05,12.0,25.0,12.0,55.5,60.0,40.0,3.4
282,2015-03-17 08:12:05,12.0,25.0,12.0,55.5,60.0,40.0,3.4
283,2015-03-17 08:42:05,12.0,25.0,12.0,55.5,60.0,40.0,3.4
284,2015-03-17 09:12:05,12.0,25.0,12.0,56.0,60.0,40.0,3.5
285,2015-03-17 09:42:05,12.0,25.0,12.0,56.5,60.0,40.0,3.6
286,2015-03-17 10:12:05,12.0,25.0,12.0,56.5,60.0,40.0,3.6
287,2015-03-17 10:42:05,12.0,25.0,12.0,56.5,60.0,40.0,3.6
288,2015-03-17 11:12:05,12.0,25.0,12.0,56.5,60.0,40.0,3.6
289,2015-03-17 11:42:05,12.0,25.0,12.0,57.0,60.0,40.0,3.8
290,2015-03-17 12:12:05,12.0,25.0,12.0,57.0,60.0,40.0,3.8
291,2015-03-17 12:42:05,12.0,25.0,12.0,57.0,60.0,40.0,3.8
292,2015-03-17 13:12:05,12.0,25.0,12.0,57.0,60.0,40.0,3.8
293,2015-03-17 13:42:05,12.0,25.0,12.0,57.0,60.0,40.0,3.8
294,2015-03-17 14:12:05,12.0,25.0,12.0,57.5,60.0,40.0,3.9
295,2015-03-17 14:42:05,12.0,25.0,12.0,57.5,60.0,40.0,3.9
296,2015-03-17 15:12:05,12.0,25.0,12.0,57.5,60.0,40.0,3.9
297,2015-03-17 15:42:05,12.0,25.0,12.0,57.5,60.0,40.0,3.9
298,2015-03-17 16:12:05,12.0,25.0,12.0,57.5,60.0,40.0,3.9
299,2015-03-17 16:42:05,12.0,25.0,12.0,57.5,60.0,40.0,3.9
300,2015-03-17 17:12:05,12.0,25.0,12.0,57.5,60.0,40.0,3.9
301,2015-03-17 17:42:05,12.0,25.0,12.0,57.5,60.0,40.0,3.9
302,2015-03-17 18:12:05,12.0,25.0,12.0,57.5,60.0,40.0,3.9
303,2015-03-17 18:42:05,12.0,25.0,12.0,57.5,60.0,40.0,3.9
304,2015-03-17 19:12:05,12.0,25.0,12.0,57.5,60.0,40.0,3.9
305,2015-03-17 19:42:05,12.0,25.0,12.0,57.5,60.0,40.0,3.9
306,2015-03-17 20:12:05,12.0,25.0,12.0,57.5,60.0,40.0,3.9
307,2015-03-17 20:42:05,12.0,25.0,12.0,57.5,60.0,40.0,3.9
308,2015-03-17 21:12:05,12.0,25.0,12.0,57.5,60.0,40.0,3.9
309,2015-03-17 21:42:05,12.0,25.0,12.0,57.0,60.0,40.0,3.8
310,2015-03-17 22:12:05,12.0,25.0,12.0,57.0,60.0,40.0,3.8
311,2015-03-17 22:42:05,12.0,25.0,12.0,57.0,60.0,40.0,3.8
312,2015-03-17 23:12:05,12.0,25.0,12.0,57.0,60.0,40.0,3.8
313,2015-03-17 23:42:05,12.0,25.0,12.0,57.0,60.0,40.0,3.8
314,2015-03-18 00:12:05,12.0,25.0,12.0,57.0,60.0,40.0,3.8
315,2015-03-18 00:42:05,12.0,25.0,12.0,56.5,60.0,40.0,3.6
316,2015-03-18 01:12:05,12.0,25.0,12.0,56.5,60.0,40.0,3.6
317,2015-03-18 01:42:05,12.0,25.0,12.0,56.5,60.0,40.0,3.6
318,2015-03-18 02:12:05,12.0,25.0,12.0,56.5,60.0,40.0,3.6
319,2015-03-18 02:42:05,12.0,25.0,12.0,56.5,60.0,40.0,3.6
320,2015-03-18 03:12:05,12.0,25.0,12.0,56.5,60.0,40.0,3.6
321,2015-03-18 03:42:05,12.0,25.0,12.0,56.5,60.0,40.0,3.6
322,2015-03-18 04:12:05,12.0,25.0,12.0,56.5,60.0,40.0,3.6
323,2015-03-18 04:42:05,12.0,25.0,12.0,56.5,60.0,40.0,3.6
324,2015-03-18 05:12:05,12.0,25.0,12.0,56.5,60.0,40.0,3.6
325,2015-03-18 05:42:05,12.0,25.0,12.0,56.5,60.0,40.0,3.6
326,2015-03-18 06:12:05,12.0,25.0,12.0,56.0,60.0,40.0,3.5
327,2015-03-18 06:42:05,12.0,25.0,12.0,56.0,60.0,40.0,3.5
328,2015-03-18 07:12:05,12.0,25.0,12.0,56.0,60.0,40.0,3.5
329,2015-03-18 07:42:05,12.0,25.0,12.0,56.0,60.0,40.0,3.5
330,2015-03-18 08:12:05,12.0,25.0,12.0,56.0,60.0,40.0,3.5
331,2015-03-18 08:42:05,12.0,25.0,12.0,56.5,60.0,40.0,3.6
332,2015-03-18 09:12:05,12.5,25.0,12.0,56.0,60.0,40.0,4.0
333,2015-03-18 09:42:05,12.0,25.0,12.0,56.0,60.0,40.0,3.5
334,2015-03-18 10:12:05,12.0,25.0,12.0,56.5,60.0,40.0,3.6
335,2015-03-18 10:42:05,12.5,25.0,12.0,56.0,60.0,40.0,4.0
336,2015-03-18 11:12:05,12.0,25.0,12.0,56.5,60.0,40.0,3.6
337,2015-03-18 11:42:05,12.0,25.0,12.0,56.5,60.0,40.0,3.6
338,2015-03-18 12:12:05,12.5,25.0,12.0,56.5,60.0,40.0,4.1
339,2015-03-18 12:42:05,12.5,25.0,12.0,56.0,60.0,40.0,4.0
340,2015-03-18 13:12:05,12.5,25.0,12.0,56.0,60.0,40.0,4.0
341,2015-03-18 13:42:05,12.5,25.0,12.0,56.5,60.0,40.0,4.1
342,2015-03-18 14:12:05,12.0,25.0,12.0,56.5,60.0,40.0,3.6
343,2015-03-18 14:42:05,12.0,25.0,12.0,57.0,60.0,40.0,3.8
344,2015-03-18 15:12:05,12.5,25.0,12.0,57.0,60.0,40.0,4.2
345,2015-03-18 15:42:05,12.0,25.0,12.0,57.5,60.0,40.0,3.9
346,2015-03-18 16:12:05,12.5,25.0,12.0,57.5,60.0,40.0,4.3
347,2015-03-18 16:42:05,12.5,25.0,12.0,57.5,60.0,40.0,4.3
348,2015-03-18 17:12:05,12.5,25.0,12.0,57.5,60.0,40.0,4.3
349,2015-03-18 17:42:05,12.5,25.0,12.0,57.5,60.0,40.0,4.3
350,2015-03-18 18:12:05,12.5,25.0,12.0,57.5,60.0,40.0,4.3
351,2015-03-18 18:42:05,12.5,25.0,12.0,57.5,60.0,40.0,4.3
352,2015-03-18 19:12:05,12.5,25.0,12.0,57.5,60.0,40.0,4.3
353,2015-03-18 19:42:05,12.5,25.0,12.0,57.5,60.0,40.0,4.3
354,2015-03-18 20:12:05,12.5,25.0,12.0,57.5,60.0,40.0,4.3
355,2015-03-18 20:42:05,12.5,25.0,12.0,57.5,60.0,40.0,4.3
356,2015-03-18 21:12:05,12.5,25.0,12.0,57.5,60.0,40.0,4.3
357,2015-03-18 21:42:05,12.5,25.0,12.0,57.5,60.0,40.0,4.3
358,2015-03-18 22:12:05,12.5,25.0,12.0,57.5,60.0,40.0,4.3
359,2015-03-18 22:42:05,12.5,25.0,12.0,57.5,60.0,40.0,4.3
360,2015-03-18 23:12:05,12.5,25.0,12.0,57.5,60.0,40.0,4.3
361,2015-03-18 23:42:05,12.0,25.0,12.0,57.5,60.0,40.0,3.9
362,2015-03-19 00:12:05,12.5,25.0,12.0,57.5,60.0,40.0,4.3
363,2015-03-19 00:42:05,12.5,25.0,12.0,57.5,60.0,40.0,4.3
364,2015-03-19 01:12:05,12.0,25.0,12.0,57.5,60.0,40.0,3.9
365,2015-03-19 01:42:05,12.5,25.0,12.0,57.5,60.0,40.0,4.3
366,2015-03-19 02:12:05,12.5,25.0,12.0,57.5,60.0,40.0,4.3
367,2015-03-19 02:42:05,12.5,25.0,12.0,57.5,60.0,40.0,4.3
368,2015-03-19 03:12:05,12.5,25.0,12.0,57.5,60.0,40.0,4.3
369,2015-03-19 03:42:05,12.5,25.0,12.0,57.0,60.0,40.0,4.2
370,2015-03-19 04:12:05,12.5,25.0,12.0,57.0,60.0,40.0,4.2
371,2015-03-19 04:42:05,12.5,25.0,12.0,57.0,60.0,40.0,4.2
372,2015-03-19 05:12:05,12.5,25.0,12.0,57.0,60.0,40.0,4.2
373,2015-03-19 05:42:05,12.5,25.0,12.0,57.0,60.0,40.0,4.2
374,2015-03-19 06:12:05,12.5,25.0,12.0,57.0,60.0,40.0,4.2
375,2015-03-19 06:42:05,12.5,25.0,12.0,57.0,60.0,40.0,4.2
376,2015-03-19 07:12:05,12.5,25.0,12.0,57.0,60.0,40.0,4.2
377,2015-03-19 07:42:05,12.5,25.0,12.0,57.0,60.0,40.0,4.2
378,2015-03-19 08:12:05,12.5,25.0,12.0,57.0,60.0,40.0,4.2
379,2015-03-19 08:42:05,12.5,25.0,12.0,56.5,60.0,40.0,4.1
380,2015-03-19 09:12:05,12.0,25.0,12.0,57.0,60.0,40.0,3.8
381,2015-03-19 09:42:05,12.5,25.0,12.0,57.0,60.0,40.0,4.2
382,2015-03-19 10:12:05,12.5,25.0,12.0,57.0,60.0,40.0,4.2
383,2015-03-19 10:42:05,12.5,25.0,12.0,57.0,60.0,40.0,4.2
384,2015-03-19 11:12:05,12.5,25.0,12.0,57.5,60.0,40.0,4.3
385,2015-03-19 11:42:05,12.5,25.0,12.0,57.5,60.0,40.0,4.3
386,2015-03-19 12:12:05,12.5,25.0,12.0,58.0,60.0,40.0,4.5
387,2015-03-19 12:42:05,12.5,25.0,12.0,58.5,60.0,40.0,4.6
388,2015-03-19 13:12:05,12.5,25.0,12.0,58.5,60.0,40.0,4.6
389,2015-03-19 13:42:05,12.5,25.0,12.0,59.0,60.0,40.0,4.7
390,2015-03-19 14:12:05,12.5,25.0,12.0,59.0,60.0,40.0,4.7
391,2015-03-19 14:42:05,12.5,25.0,12.0,59.5,60.0,40.0,4.8
392,2015-03-19 15:12:05,12.5,25.0,12.0,59.5,60.0,40.0,4.8
393,2015-03-19 15:42:05,12.5,25.0,12.0,59.5,60.0,40.0,4.8
394,2015-03-19 16:12:05,12.5,25.0,12.0,59.5,60.0,40.0,4.8
395,2015-03-19 16:42:05,12.5,25.0,12.0,59.5,60.0,40.0,4.8
396,2015-03-19 17:12:05,12.5,25.0,12.0,59.5,60.0,40.0,4.8
397,2015-03-19 17:42:05,12.5,25.0,12.0,59.5,60.0,40.0,4.8
398,2015-03-19 18:12:05,12.5,25.0,12.0,59.5,60.0,40.0,4.8
399,2015-03-19 18:42:05,12.5,25.0,12.0,59.5,60.0,40.0,4.8
400,2015-03-19 19:12:05,12.5,25.0,12.0,59.5,60.0,40.0,4.8
401,2015-03-19 19:42:05,12.5,25.0,12.0,59.5,60.0,40.0,4.8
402,2015-03-19 20:12:05,12.5,25.0,12.0,59.5,60.0,40.0,4.8
403,2015-03-19 20:42:05,12.5,25.0,12.0,59.5,60.0,40.0,4.8
404,2015-03-19 21:12:05,12.5,25.0,12.0,59.5,60.0,40.0,4.8
405,2015-03-19 21:42:05,12.5,25.0,12.0,59.5,60.0,40.0,4.8
406,2015-03-19 22:12:05,12.5,25.0,12.0,59.0,60.0,40.0,4.7
407,2015-03-19 22:42:05,12.5,25.0,12.0,59.0,60.0,40.0,4.7
408,2015-03-19 23:12:05,12.5,25.0,12.0,59.0,60.0,40.0,4.7
409,2015-03-19 23:42:05,12.5,25.0,12.0,59.0,60.0,40.0,4.7
410,2015-03-20 00:12:05,12.5,25.0,12.0,59.0,60.0,40.0,4.7
411,2015-03-20 00:42:05,12.5,25.0,12.0,59.0,60.0,40.0,4.7
412,2015-03-20 01:12:05,12.5,25.0,12.0,59.0,60.0,40.0,4.7
413,2015-03-20 01:42:05,12.5,25.0,12.0,58.5,60.0,40.0,4.6
414,2015-03-20 02:12:05,12.5,25.0,12.0,58.5,60.0,40.0,4.6
415,2015-03-20 02:42:05,12.5,25.0,12.0,58.5,60.0,40.0,4.6
416,2015-03-20 03:12:05,12.5,25.0,12.0,58.5,60.0,40.0,4.6
417,2015-03-20 03:42:05,12.5,25.0,12.0,58.5,60.0,40.0,4.6
418,2015-03-20 04:12:05,12.5,25.0,12.0,58.0,60.0,40.0,4.5
419,2015-03-20 04:42:05,12.5,25.0,12.0,58.0,60.0,40.0,4.5
420,2015-03-20 05:12:05,12.5,25.0,12.0,58.0,60.0,40.0,4.5
421,2015-03-20 05:42:05,12.5,25.0,12.0,58.0,60.0,40.0,4.5
422,2015-03-20 06:12:05,12.5,25.0,12.0,57.5,60.0,40.0,4.3
423,2015-03-20 06:42:05,12.5,25.0,12.0,57.5,60.0,40.0,4.3
424,2015-03-20 07:12:05,12.5,25.0,12.0,57.5,60.0,40.0,4.3
425,2015-03-20 07:42:05,12.5,25.0,12.0,57.5,60.0,40.0,4.3
426,2015-03-20 08:12:05,12.5,25.0,12.0,57.5,60.0,40.0,4.3
427,2015-03-20 08:42:05,12.5,25.0,12.0,57.5,60.0,40.0,4.3
428,2015-03-20 09:12:05,12.5,25.0,12.0,57.0,60.0,40.0,4.2
429,2015-03-20 09:42:05,12.5,25.0,12.0,57.0,60.0,40.0,4.2
430,2015-03-20 10:12:05,12.5,25.0,12.0,57.0,60.0,40.0,4.2
431,2015-03-20 10:42:05,12.5,25.0,12.0,57.0,60.0,40.0,4.2
432,2015-03-20 11:12:05,12.5,25.0,12.0,57.0,60.0,40.0,4.2
433,2015-03-20 11:42:05,12.5,25.0,12.0,57.0,60.0,40.0,4.2
434,2015-03-20 12:12:05,12.5,25.0,12.0,57.0,60.0,40.0,4.2
435,2015-03-20 12:42:05,12.5,25.0,12.0,56.5,60.0,40.0,4.1
436,2015-03-20 13:12:05,12.5,25.0,12.0,56.5,60.0,40.0,4.1
437,2015-03-20 13:42:05,12.5,25.0,12.0,56.5,60.0,40.0,4.1
438,2015-03-20 14:12:05,12.5,25.0,12.0,56.5,60.0,40.0,4.1
439,2015-03-20 14:42:05,12.5,25.0,12.0,56.5,60.0,40.0,4.1
440,2015-03-20 15:12:05,12.5,25.0,12.0,56.5,60.0,40.0,4.1
441,2015-03-20 15:42:05,12.5,25.0,12.0,56.5,60.0,40.0,4.1
442,2015-03-20 16:12:05,12.5,25.0,12.0,56.0,60.0,40.0,4.0
443,2015-03-20 16:42:05,12.5,25.0,12.0,56.0,60.0,40.0,4.0
444,2015-03-20 17:12:05,12.5,25.0,12.0,56.0,60.0,40.0,4.0
445,2015-03-20 17:42:05,12.5,25.0,12.0,56.0,60.0,40.0,4.0
446,2015-03-20 18:12:05,12.5,25.0,12.0,56.0,60.0,40.0,4.0
447,2015-03-20 18:42:05,12.5,25.0,12.0,56.0,60.0,40.0,4.0
448,2015-03-20 19:12:05,12.5,25.0,12.0,56.0,60.0,40.0,4.0
449,2015-03-20 19:42:05,12.5,25.0,12.0,55.5,60.0,40.0,3.8
450,2015-03-20 20:12:05,12.5,25.0,12.0,55.5,60.0,40.0,3.8
451,2015-03-20 20:42:05,12.5,25.0,12.0,55.5,60.0,40.0,3.8
452,2015-03-20 21:12:05,12.5,25.0,12.0,55.5,60.0,40.0,3.8
453,2015-03-20 21:42:05,12.5,25.0,12.0,55.5,60.0,40.0,3.8
454,2015-03-20 22:12:05,12.5,25.0,12.0,55.5,60.0,40.0,3.8
455,2015-03-20 22:42:05,12.5,25.0,12.0,55.5,60.0,40.0,3.8
456,2015-03-20 23:12:05,12.5,25.0,12.0,55.5,60.0,40.0,3.8
457,2015-03-20 23:42:05,12.5,25.0,12.0,55.5,60.0,40.0,3.8
458,2015-03-21 00:12:05,12.5,25.0,12.0,55.5,60.0,40.0,3.8
459,2015-03-21 00:42:05,12.5,25.0,12.0,55.5,60.0,40.0,3.8
460,2015-03-21 01:12:05,12.5,25.0,12.0,55.0,60.0,40.0,3.7
461,2015-03-21 01:42:05,12.5,25.0,12.0,55.0,60.0,40.0,3.7
462,2015-03-21 02:12:05,12.5,25.0,12.0,55.0,60.0,40.0,3.7
463,2015-03-21 02:42:05,12.5,25.0,12.0,55.0,60.0,40.0,3.7
464,2015-03-21 03:12:05,12.5,25.0,12.0,55.0,60.0,40.0,3.7
465,2015-03-21 03:42:05,12.5,25.0,12.0,55.0,60.0,40.0,3.7
466,2015-03-21 04:12:05,12.5,25.0,12.0,55.0,60.0,40.0,3.7
467,2015-03-21 04:42:05,12.5,25.0,12.0,55.0,60.0,40.0,3.7
468,2015-03-21 05:12:05,12.5,25.0,12.0,55.0,60.0,40.0,3.7
469,2015-03-21 05:42:05,12.5,25.0,12.0,55.0,60.0,40.0,3.7
470,2015-03-21 06:12:05,12.5,25.0,12.0,55.0,60.0,40.0,3.7
471,2015-03-21 06:42:05,12.5,25.0,12.0,54.5,60.0,40.0,3.6
472,2015-03-21 07:12:05,12.5,25.0,12.0,54.5,60.0,40.0,3.6
473,2015-03-21 07:42:05,12.5,25.0,12.0,54.5,60.0,40.0,3.6
474,2015-03-21 08:12:05,12.5,25.0,12.0,54.5,60.0,40.0,3.6
475,2015-03-21 08:42:05,12.5,25.0,12.0,54.5,60.0,40.0,3.6
476,2015-03-21 09:12:05,12.5,25.0,12.0,55.0,60.0,40.0,3.7
477,2015-03-21 09:42:05,12.5,25.0,12.0,54.5,60.0,40.0,3.6
478,2015-03-21 10:12:05,12.5,25.0,12.0,54.5,60.0,40.0,3.6
479,2015-03-21 10:42:05,12.5,25.0,12.0,54.5,60.0,40.0,3.6
480,2015-03-21 11:12:05,12.5,25.0,12.0,54.5,60.0,40.0,3.6
481,2015-03-21 11:42:05,12.5,25.0,12.0,54.5,60.0,40.0,3.6
482,2015-03-21 12:12:05,12.5,25.0,12.0,54.5,60.0,40.0,3.6
483,2015-03-21 12:42:05,12.5,25.0,12.0,54.5,60.0,40.0,3.6
484,2015-03-21 13:12:05,12.5,25.0,12.0,54.5,60.0,40.0,3.6
485,2015-03-21 13:42:05,12.5,25.0,12.0,54.5,60.0,40.0,3.6
486,2015-03-21 14:12:05,12.5,25.0,12.0,54.5,60.0,40.0,3.6
487,2015-03-21 14:42:05,12.5,25.0,12.0,54.5,60.0,40.0,3.6
488,2015-03-21 15:12:05,12.5,25.0,12.0,54.5,60.0,40.0,3.6
489,2015-03-21 15:42:05,12.5,25.0,12.0,54.5,60.0,40.0,3.6
490,2015-03-21 16:12:05,12.5,25.0,12.0,54.5,60.0,40.0,3.6
491,2015-03-21 16:42:05,12.5,25.0,12.0,54.5,60.0,40.0,3.6
492,2015-03-21 17:12:05,12.5,25.0,12.0,54.5,60.0,40.0,3.6
493,2015-03-21 17:42:05,12.5,25.0,12.0,54.5,60.0,40.0,3.6
494,2015-03-21 18:12:05,12.5,25.0,12.0,54.5,60.0,40.0,3.6
495,2015-03-21 18:42:05,12.5,25.0,12.0,55.0,60.0,40.0,3.7
496,2015-03-21 19:12:05,12.5,25.0,12.0,55.0,60.0,40.0,3.7
497,2015-03-21 19:42:05,12.5,25.0,12.0,55.0,60.0,40.0,3.7
498,2015-03-21 20:12:05,12.5,25.0,12.0,55.0,60.0,40.0,3.7
499,2015-03-21 20:42:05,12.5,25.0,12.0,55.0,60.0,40.0,3.7
500,2015-03-21 21:12:05,12.5,25.0,12.0,55.0,60.0,40.0,3.7
501,2015-03-21 21:42:05,12.5,25.0,12.0,55.0,60.0,40.0,3.7
502,2015-03-21 22:12:05,12.5,25.0,12.0,55.0,60.0,40.0,3.7
503,2015-03-21 22:42:05,12.5,25.0,12.0,55.0,60.0,40.0,3.7
504,2015-03-21 23:12:05,12.5,25.0,12.0,55.0,60.0,40.0,3.7
505,2015-03-21 23:42:05,12.5,25.0,12.0,55.0,60.0,40.0,3.7
506,2015-03-22 00:12:05,12.5,25.0,12.0,55.0,60.0,40.0,3.7
507,2015-03-22 00:42:05,12.5,25.0,12.0,55.0,60.0,40.0,3.7
508,2015-03-22 01:12:05,12.5,25.0,12.0,55.0,60.0,40.0,3.7
509,2015-03-22 01:42:05,12.5,25.0,12.0,55.0,60.0,40.0,3.7
510,2015-03-22 02:12:05,12.5,25.0,12.0,55.0,60.0,40.0,3.7
511,2015-03-22 02:42:05,12.5,25.0,12.0,55.0,60.0,40.0,3.7
512,2015-03-22 03:12:05,12.5,25.0,12.0,55.0,60.0,40.0,3.7
513,2015-03-22 03:42:05,12.5,25.0,12.0,55.0,60.0,40.0,3.7
514,2015-03-22 04:12:05,12.5,25.0,12.0,55.0,60.0,40.0,3.7
515,2015-03-22 04:42:05,12.5,25.0,12.0,55.0,60.0,40.0,3.7
516,2015-03-22 05:12:05,12.5,25.0,12.0,55.0,60.0,40.0,3.7
517,2015-03-22 05:42:05,12.5,25.0,12.0,55.0,60.0,40.0,3.7
518,2015-03-22 06:12:05,12.5,25.0,12.0,55.0,60.0,40.0,3.7
519,2015-03-22 06:42:05,12.5,25.0,12.0,55.0,60.0,40.0,3.7
520,2015-03-22 07:12:05,12.5,25.0,12.0,55.0,60.0,40.0,3.7
521,2015-03-22 07:42:05,12.5,25.0,12.0,55.0,60.0,40.0,3.7
522,2015-03-22 08:12:05,12.5,25.0,12.0,55.0,60.0,40.0,3.7
523,2015-03-22 08:42:05,12.5,25.0,12.0,55.0,60.0,40.0,3.7
524,2015-03-22 09:12:05,12.5,25.0,12.0,55.5,60.0,40.0,3.8
525,2015-03-22 09:42:05,12.5,25.0,12.0,55.5,60.0,40.0,3.8
526,2015-03-22 10:12:05,12.5,25.0,12.0,56.0,60.0,40.0,4.0
527,2015-03-22 10:42:05,12.5,25.0,12.0,56.0,60.0,40.0,4.0
528,2015-03-22 11:12:05,12.5,25.0,12.0,56.5,60.0,40.0,4.1
529,2015-03-22 11:42:05,12.5,25.0,12.0,57.0,60.0,40.0,4.2
530,2015-03-22 12:12:05,12.5,25.0,12.0,57.0,60.0,40.0,4.2
531,2015-03-22 12:42:05,12.5,25.0,12.0,57.0,60.0,40.0,4.2
532,2015-03-22 13:12:05,12.5,25.0,12.0,57.0,60.0,40.0,4.2
533,2015-03-22 13:42:05,12.5,25.0,12.0,57.0,60.0,40.0,4.2
534,2015-03-22 14:12:05,12.5,25.0,12.0,57.0,60.0,40.0,4.2
535,2015-03-22 14:42:05,12.5,25.0,12.0,57.0,60.0,40.0,4.2
536,2015-03-22 15:12:05,12.5,25.0,12.0,57.0,60.0,40.0,4.2
537,2015-03-22 15:42:05,12.5,25.0,12.0,57.0,60.0,40.0,4.2
538,2015-03-22 16:12:05,12.5,25.0,12.0,57.0,60.0,40.0,4.2
539,2015-03-22 16:42:05,12.5,25.0,12.0,57.0,60.0,40.0,4.2
540,2015-03-22 17:12:05,12.5,25.0,12.0,56.5,60.0,40.0,4.1
541,2015-03-22 17:42:05,12.5,25.0,12.0,56.5,60.0,40.0,4.1
542,2015-03-22 18:12:05,12.5,25.0,12.0,56.5,60.0,40.0,4.1
543,2015-03-22 18:42:05,12.5,25.0,12.0,56.5,60.0,40.0,4.1
544,2015-03-22 19:12:05,12.5,25.0,12.0,57.0,60.0,40.0,4.2
545,2015-03-22 19:42:05,12.5,25.0,12.0,57.0,60.0,40.0,4.2
546,2015-03-22 20:12:05,12.5,25.0,12.0,56.5,60.0,40.0,4.1
547,2015-03-22 20:42:05,12.5,25.0,12.0,56.5,60.0,40.0,4.1
548,2015-03-22 21:12:05,12.5,25.0,12.0,56.5,60.0,40.0,4.1
549,2015-03-22 21:42:05,12.5,25.0,12.0,56.5,60.0,40.0,4.1
550,2015-03-22 22:12:05,12.5,25.0,12.0,56.5,60.0,40.0,4.1
551,2015-03-22 22:42:05,12.5,25.0,12.0,56.5,60.0,40.0,4.1
552,2015-03-22 23:12:05,12.5,25.0,12.0,56.0,60.0,40.0,4.0
553,2015-03-22 23:42:05,12.5,25.0,12.0,56.5,60.0,40.0,4.1
554,2015-03-23 00:12:05,12.5,25.0,12.0,56.0,60.0,40.0,4.0
555,2015-03-23 00:42:05,12.5,25.0,12.0,56.0,60.0,40.0,4.0
556,2015-03-23 01:12:05,12.5,25.0,12.0,56.0,60.0,40.0,4.0
557,2015-03-23 01:42:05,12.5,25.0,12.0,56.0,60.0,40.0,4.0
558,2015-03-23 02:12:05,12.5,25.0,12.0,56.0,60.0,40.0,4.0
559,2015-03-23 02:42:05,12.5,25.0,12.0,56.0,60.0,40.0,4.0
560,2015-03-23 03:12:05,12.5,25.0,12.0,56.0,60.0,40.0,4.0
561,2015-03-23 03:42:05,12.5,25.0,12.0,55.5,60.0,40.0,3.8
562,2015-03-23 04:12:05,12.5,25.0,12.0,55.5,60.0,40.0,3.8
563,2015-03-23 04:42:05,12.5,25.0,12.0,55.5,60.0,40.0,3.8
564,2015-03-23 05:12:05,12.5,25.0,12.0,55.5,60.0,40.0,3.8
565,2015-03-23 05:42:05,12.5,25.0,12.0,55.5,60.0,40.0,3.8
566,2015-03-23 06:12:05,12.5,25.0,12.0,55.5,60.0,40.0,3.8
567,2015-03-23 06:42:05,12.5,25.0,12.0,55.5,60.0,40.0,3.8
568,2015-03-23 07:12:05,12.5,25.0,12.0,55.5,60.0,40.0,3.8
569,2015-03-23 07:42:05,12.5,25.0,12.0,55.5,60.0,40.0,3.8
570,2015-03-23 08:12:05,12.5,25.0,12.0,55.5,60.0,40.0,3.8
571,2015-03-23 08:42:05,12.5,25.0,12.0,55.5,60.0,40.0,3.8
572,2015-03-23 09:12:05,12.5,25.0,12.0,55.5,60.0,40.0,3.8
573,2015-03-23 09:42:05,12.5,25.0,12.0,55.5,60.0,40.0,3.8
574,2015-03-23 10:12:05,12.5,25.0,12.0,55.5,60.0,40.0,3.8
575,2015-03-23 10:42:05,12.5,25.0,12.0,55.5,60.0,40.0,3.8
576,2015-03-23 11:12:05,12.5,25.0,12.0,55.5,60.0,40.0,3.8
577,2015-03-23 11:42:05,12.5,25.0,12.0,55.5,60.0,40.0,3.8
578,2015-03-23 12:12:05,12.5,25.0,12.0,55.5,60.0,40.0,3.8
579,2015-03-23 12:42:05,12.5,25.0,12.0,55.5,60.0,40.0,3.8
580,2015-03-23 13:12:05,12.5,25.0,12.0,56.0,60.0,40.0,4.0
581,2015-03-23 13:42:05,12.5,25.0,12.0,56.0,60.0,40.0,4.0
582,2015-03-23 14:12:05,12.5,25.0,12.0,56.0,60.0,40.0,4.0
583,2015-03-23 14:42:05,12.5,25.0,12.0,56.0,60.0,40.0,4.0
584,2015-03-23 15:12:05,12.5,25.0,12.0,55.5,60.0,40.0,3.8
585,2015-03-23 15:42:05,12.5,25.0,12.0,55.5,60.0,40.0,3.8
586,2015-03-23 16:12:05,12.5,25.0,12.0,55.5,60.0,40.0,3.8
587,2015-03-23 16:42:05,12.5,25.0,12.0,55.5,60.0,40.0,3.8
588,2015-03-23 17:12:05,12.5,25.0,12.0,55.5,60.0,40.0,3.8
589,2015-03-23 17:42:05,12.5,25.0,12.0,55.5,60.0,40.0,3.8
590,2015-03-23 18:12:05,12.5,25.0,12.0,55.5,60.0,40.0,3.8
591,2015-03-23 18:42:05,12.5,25.0,12.0,55.5,60.0,40.0,3.8
592,2015-03-23 19:12:05,12.5,25.0,12.0,55.5,60.0,40.0,3.8
593,2015-03-23 19:42:05,12.5,25.0,12.0,55.5,60.0,40.0,3.8
594,2015-03-23 20:12:05,12.5,25.0,12.0,55.5,60.0,40.0,3.8
595,2015-03-23 20:42:05,12.5,25.0,12.0,55.5,60.0,40.0,3.8
596,2015-03-23 21:12:05,12.5,25.0,12.0,55.5,60.0,40.0,3.8
597,2015-03-23 21:42:05,12.5,25.0,12.0,55.5,60.0,40.0,3.8
598,2015-03-23 22:12:05,12.5,25.0,12.0,55.5,60.0,40.0,3.8
599,2015-03-23 22:42:05,12.5,25.0,12.0,55.5,60.0,40.0,3.8
600,2015-03-23 23:12:05,12.5,25.0,12.0,55.5,60.0,40.0,3.8
601,2015-03-23 23:42:05,12.5,25.0,12.0,55.5,60.0,40.0,3.8
602,2015-03-24 00:12:05,12.5,25.0,12.0,55.5,60.0,40.0,3.8
603,2015-03-24 00:42:05,12.5,25.0,12.0,55.5,60.0,40.0,3.8
604,2015-03-24 01:12:05,12.5,25.0,12.0,55.5,60.0,40.0,3.8
605,2015-03-24 01:42:05,12.5,25.0,12.0,55.5,60.0,40.0,3.8
606,2015-03-24 02:12:05,12.5,25.0,12.0,55.0,60.0,40.0,3.7
607,2015-03-24 02:42:05,12.5,25.0,12.0,55.0,60.0,40.0,3.7
608,2015-03-24 03:12:05,12.5,25.0,12.0,55.0,60.0,40.0,3.7
609,2015-03-24 03:42:05,12.5,25.0,12.0,55.0,60.0,40.0,3.7
610,2015-03-24 04:12:05,12.5,25.0,12.0,55.0,60.0,40.0,3.7
611,2015-03-24 04:42:05,12.5,25.0,12.0,54.5,60.0,40.0,3.6
612,2015-03-24 05:12:05,12.5,25.0,12.0,54.5,60.0,40.0,3.6
613,2015-03-24 05:42:05,12.5,25.0,12.0,54.5,60.0,40.0,3.6
614,2015-03-24 06:12:05,12.5,25.0,12.0,54.5,60.0,40.0,3.6
615,2015-03-24 06:42:05,12.5,25.0,12.0,54.5,60.0,40.0,3.6
616,2015-03-24 07:12:05,12.5,25.0,12.0,54.5,60.0,40.0,3.6
617,2015-03-24 07:42:05,12.5,25.0,12.0,54.5,60.0,40.0,3.6
618,2015-03-24 08:12:05,12.5,25.0,12.0,54.5,60.0,40.0,3.6
619,2015-03-24 08:42:05,12.5,25.0,12.0,54.5,60.0,40.0,3.6
620,2015-03-24 09:12:05,12.5,25.0,12.0,55.0,60.0,40.0,3.7
621,2015-03-24 09:42:05,12.5,25.0,12.0,55.0,60.0,40.0,3.7
622,2015-03-24 10:12:05,12.5,25.0,12.0,55.0,60.0,40.0,3.7
623,2015-03-24 10:42:05,12.5,25.0,12.0,55.0,60.0,40.0,3.7
624,2015-03-24 11:12:05,12.5,25.0,12.0,55.0,60.0,40.0,3.7
625,2015-03-24 11:42:05,12.5,25.0,12.0,55.0,60.0,40.0,3.7
626,2015-03-24 12:12:05,12.5,25.0,12.0,55.0,60.0,40.0,3.7
627,2015-03-24 12:42:05,12.5,25.0,12.0,55.0,60.0,40.0,3.7
628,2015-03-24 13:12:05,12.5,25.0,12.0,55.0,60.0,40.0,3.7
629,2015-03-24 13:42:05,12.5,25.0,12.0,55.0,60.0,40.0,3.7
630,2015-03-24 14:12:05,12.5,25.0,12.0,54.5,60.0,40.0,3.6
631,2015-03-24 14:42:05,12.5,25.0,12.0,54.5,60.0,40.0,3.6
632,2015-03-24 15:12:05,12.5,25.0,12.0,54.5,60.0,40.0,3.6
633,2015-03-24 15:42:05,12.5,25.0,12.0,54.0,60.0,40.0,3.5
634,2015-03-24 16:12:05,12.5,25.0,12.0,54.0,60.0,40.0,3.5
635,2015-03-24 16:42:05,12.5,25.0,12.0,54.0,60.0,40.0,3.5
636,2015-03-24 17:12:05,12.5,25.0,12.0,54.0,60.0,40.0,3.5
637,2015-03-24 17:42:05,12.5,25.0,12.0,54.0,60.0,40.0,3.5
638,2015-03-24 18:12:05,12.5,25.0,12.0,54.0,60.0,40.0,3.5
639,2015-03-24 18:42:05,12.5,25.0,12.0,54.0,60.0,40.0,3.5
640,2015-03-24 19:12:05,12.5,25.0,12.0,54.0,60.0,40.0,3.5
641,2015-03-24 19:42:05,12.5,25.0,12.0,54.0,60.0,40.0,3.5
642,2015-03-24 20:12:05,12.5,25.0,12.0,54.0,60.0,40.0,3.5
643,2015-03-24 20:42:05,12.5,25.0,12.0,53.5,60.0,40.0,3.3
644,2015-03-24 21:12:05,12.5,25.0,12.0,53.5,60.0,40.0,3.3
645,2015-03-24 21:42:05,12.5,25.0,12.0,53.5,60.0,40.0,3.3
646,2015-03-24 22:12:05,12.5,25.0,12.0,53.5,60.0,40.0,3.3
647,2015-03-24 22:42:05,12.5,25.0,12.0,53.5,60.0,40.0,3.3
648,2015-03-24 23:12:05,12.5,25.0,12.0,53.5,60.0,40.0,3.3
649,2015-03-24 23:42:05,12.5,25.0,12.0,53.5,60.0,40.0,3.3
650,2015-03-25 00:12:05,12.5,25.0,12.0,53.5,60.0,40.0,3.3
651,2015-03-25 00:42:05,12.5,25.0,12.0,53.5,60.0,40.0,3.3
652,2015-03-25 01:12:05,12.5,25.0,12.0,53.5,60.0,40.0,3.3
653,2015-03-25 01:42:05,12.5,25.0,12.0,53.5,60.0,40.0,3.3
654,2015-03-25 02:12:05,12.5,25.0,12.0,54.0,60.0,40.0,3.5
655,2015-03-25 02:42:05,12.5,25.0,12.0,53.5,60.0,40.0,3.3
656,2015-03-25 03:12:05,12.5,25.0,12.0,54.0,60.0,40.0,3.5
657,2015-03-25 03:42:05,12.5,25.0,12.0,54.0,60.0,40.0,3.5
658,2015-03-25 04:12:05,12.5,25.0,12.0,54.0,60.0,40.0,3.5
659,2015-03-25 04:42:05,12.5,25.0,12.0,54.0,60.0,40.0,3.5
660,2015-03-25 05:12:05,12.5,25.0,12.0,54.0,60.0,40.0,3.5
661,2015-03-25 05:42:05,12.5,25.0,12.0,54.0,60.0,40.0,3.5
662,2015-03-25 06:12:05,12.5,25.0,12.0,54.0,60.0,40.0,3.5
663,2015-03-25 06:42:05,12.5,25.0,12.0,54.0,60.0,40.0,3.5
664,2015-03-25 07:12:05,12.5,25.0,12.0,54.0,60.0,40.0,3.5
665,2015-03-25 07:42:05,12.5,25.0,12.0,54.5,60.0,40.0,3.6
666,2015-03-25 08:12:05,12.5,25.0,12.0,54.5,60.0,40.0,3.6
667,2015-03-25 08:42:05,12.5,25.0,12.0,54.5,60.0,40.0,3.6
668,2015-03-25 09:12:05,13.0,25.0,12.0,54.0,60.0,40.0,3.9
669,2015-03-25 09:42:05,12.5,25.0,12.0,55.0,60.0,40.0,3.7
670,2015-03-25 10:12:05,12.5,25.0,12.0,55.0,60.0,40.0,3.7
671,2015-03-25 10:42:05,12.5,25.0,12.0,56.0,60.0,40.0,4.0
672,2015-03-25 11:12:05,12.5,25.0,12.0,56.0,60.0,40.0,4.0
673,2015-03-25 11:42:05,12.5,25.0,12.0,56.0,60.0,40.0,4.0
674,2015-03-25 12:12:05,12.5,25.0,12.0,56.0,60.0,40.0,4.0
675,2015-03-25 12:42:05,12.5,25.0,12.0,56.0,60.0,40.0,4.0
676,2015-03-25 13:12:05,12.5,25.0,12.0,56.5,60.0,40.0,4.1
677,2015-03-25 13:42:05,13.0,25.0,12.0,56.0,60.0,40.0,4.4
678,2015-03-25 14:12:05,12.5,25.0,12.0,56.0,60.0,40.0,4.0
679,2015-03-25 14:42:05,12.5,25.0,12.0,56.0,60.0,40.0,4.0
680,2015-03-25 15:12:05,12.5,25.0,12.0,56.0,60.0,40.0,4.0
681,2015-03-25 15:42:05,12.5,25.0,12.0,56.0,60.0,40.0,4.0
682,2015-03-25 16:12:05,13.0,25.0,12.0,55.5,60.0,40.0,4.3
683,2015-03-25 16:42:05,12.5,25.0,12.0,55.5,60.0,40.0,3.8
684,2015-03-25 17:12:05,12.5,25.0,12.0,55.5,60.0,40.0,3.8
685,2015-03-25 17:42:05,13.0,25.0,12.0,55.5,60.0,40.0,4.3
686,2015-03-25 18:12:05,12.5,25.0,12.0,55.5,60.0,40.0,3.8
687,2015-03-25 18:42:05,12.5,25.0,12.0,55.0,60.0,40.0,3.7
688,2015-03-25 19:12:05,12.5,25.0,12.0,55.0,60.0,40.0,3.7
689,2015-03-25 19:42:05,12.5,25.0,12.0,55.5,60.0,40.0,3.8
690,2015-03-25 20:12:05,12.5,25.0,12.0,55.0,60.0,40.0,3.7
691,2015-03-25 20:42:05,12.5,25.0,12.0,55.0,60.0,40.0,3.7
692,2015-03-25 21:12:05,12.5,25.0,12.0,55.0,60.0,40.0,3.7
693,2015-03-25 21:42:05,12.5,25.0,12.0,55.0,60.0,40.0,3.7
694,2015-03-25 22:12:05,12.5,25.0,12.0,55.0,60.0,40.0,3.7
695,2015-03-25 22:42:05,12.5,25.0,12.0,55.0,60.0,40.0,3.7
696,2015-03-25 23:12:05,12.5,25.0,12.0,55.0,60.0,40.0,3.7
697,2015-03-25 23:42:05,12.5,25.0,12.0,55.0,60.0,40.0,3.7
698,2015-03-26 00:12:05,12.5,25.0,12.0,54.5,60.0,40.0,3.6
699,2015-03-26 00:42:05,12.5,25.0,12.0,54.5,60.0,40.0,3.6
700,2015-03-26 01:12:05,12.5,25.0,12.0,55.0,60.0,40.0,3.7
701,2015-03-26 01:42:05,12.5,25.0,12.0,54.5,60.0,40.0,3.6
702,2015-03-26 02:12:05,12.5,25.0,12.0,54.5,60.0,40.0,3.6
703,2015-03-26 02:42:05,12.5,25.0,12.0,54.5,60.0,40.0,3.6
704,2015-03-26 03:12:05,12.5,25.0,12.0,54.5,60.0,40.0,3.6
705,2015-03-26 03:42:05,12.5,25.0,12.0,54.5,60.0,40.0,3.6
706,2015-03-26 04:12:05,12.5,25.0,12.0,54.5,60.0,40.0,3.6
707,2015-03-26 04:42:05,12.5,25.0,12.0,54.5,60.0,40.0,3.6
708,2015-03-26 05:12:05,12.5,25.0,12.0,54.5,60.0,40.0,3.6
709,2015-03-26 05:42:05,12.5,25.0,12.0,54.5,60.0,40.0,3.6
710,2015-03-26 06:12:05,12.5,25.0,12.0,55.0,60.0,40.0,3.7
711,2015-03-26 06:42:05,12.5,25.0,12.0,54.5,60.0,40.0,3.6
712,2015-03-26 07:12:05,12.5,25.0,12.0,55.0,60.0,40.0,3.7
713,2015-03-26 07:42:05,12.5,25.0,12.0,55.0,60.0,40.0,3.7
714,2015-03-26 08:12:05,12.5,25.0,12.0,55.0,60.0,40.0,3.7
715,2015-03-26 08:42:05,12.5,25.0,12.0,55.0,60.0,40.0,3.7
716,2015-03-26 09:12:05,12.5,25.0,12.0,55.0,60.0,40.0,3.7
717,2015-03-26 09:42:05,12.5,25.0,12.0,55.0,60.0,40.0,3.7
718,2015-03-26 10:12:05,12.5,25.0,12.0,55.0,60.0,40.0,3.7
719,2015-03-26 10:42:05,12.5,25.0,12.0,55.0,60.0,40.0,3.7
720,2015-03-26 11:12:05,12.5,25.0,12.0,54.5,60.0,40.0,3.6
721,2015-03-26 11:42:05,12.5,25.0,12.0,54.5,60.0,40.0,3.6
722,2015-03-26 12:12:05,12.5,25.0,12.0,54.5,60.0,40.0,3.6
723,2015-03-26 12:42:05,12.5,25.0,12.0,54.5,60.0,40.0,3.6
724,2015-03-26 13:12:05,12.5,25.0,12.0,54.5,60.0,40.0,3.6
725,2015-03-26 13:42:05,12.5,25.0,12.0,54.0,60.0,40.0,3.5
726,2015-03-26 14:12:05,12.5,25.0,12.0,54.0,60.0,40.0,3.5
727,2015-03-26 14:42:05,12.5,25.0,12.0,54.0,60.0,40.0,3.5
728,2015-03-26 15:12:05,12.5,25.0,12.0,54.0,60.0,40.0,3.5
729,2015-03-26 15:42:05,12.5,25.0,12.0,53.5,60.0,40.0,3.3
730,2015-03-26 16:12:05,12.5,25.0,12.0,53.5,60.0,40.0,3.3
731,2015-03-26 16:42:05,13.0,25.0,12.0,53.5,60.0,40.0,3.8
732,2015-03-26 17:12:05,13.0,25.0,12.0,53.5,60.0,40.0,3.8
733,2015-03-26 17:42:05,13.0,25.0,12.0,53.0,60.0,40.0,3.7
734,2015-03-26 18:12:05,13.0,25.0,12.0,53.0,60.0,40.0,3.7
735,2015-03-26 18:42:05,13.0,25.0,12.0,53.0,60.0,40.0,3.7
736,2015-03-26 19:12:05,13.0,25.0,12.0,53.5,60.0,40.0,3.8
737,2015-03-26 19:42:05,13.0,25.0,12.0,53.0,60.0,40.0,3.7
738,2015-03-26 20:12:05,13.0,25.0,12.0,53.0,60.0,40.0,3.7
739,2015-03-26 20:42:05,13.0,25.0,12.0,53.5,60.0,40.0,3.8
740,2015-03-26 21:12:05,13.0,25.0,12.0,53.0,60.0,40.0,3.7
741,2015-03-26 21:42:05,13.0,25.0,12.0,53.0,60.0,40.0,3.7
742,2015-03-26 22:12:05,13.0,25.0,12.0,53.0,60.0,40.0,3.7
743,2015-03-26 22:42:05,13.0,25.0,12.0,53.0,60.0,40.0,3.7
744,2015-03-26 23:12:05,13.0,25.0,12.0,53.0,60.0,40.0,3.7
745,2015-03-26 23:42:05,13.0,25.0,12.0,53.0,60.0,40.0,3.7
746,2015-03-27 00:12:05,13.0,25.0,12.0,53.0,60.0,40.0,3.7
747,2015-03-27 00:42:05,13.0,25.0,12.0,53.0,60.0,40.0,3.7
748,2015-03-27 01:12:05,13.0,25.0,12.0,53.0,60.0,40.0,3.7
749,2015-03-27 01:42:05,13.0,25.0,12.0,53.0,60.0,40.0,3.7
750,2015-03-27 02:12:05,13.0,25.0,12.0,53.5,60.0,40.0,3.8
751,2015-03-27 02:42:05,13.0,25.0,12.0,53.5,60.0,40.0,3.8
752,2015-03-27 03:12:05,13.0,25.0,12.0,53.5,60.0,40.0,3.8
753,2015-03-27 03:42:05,13.0,25.0,12.0,53.5,60.0,40.0,3.8
754,2015-03-27 04:12:05,13.0,25.0,12.0,54.0,60.0,40.0,3.9
755,2015-03-27 04:42:05,13.0,25.0,12.0,54.0,60.0,40.0,3.9
756,2015-03-27 05:12:05,13.0,25.0,12.0,54.5,60.0,40.0,4.1
757,2015-03-27 05:42:05,13.0,25.0,12.0,55.0,60.0,40.0,4.2
758,2015-03-27 06:12:05,13.0,25.0,12.0,55.5,60.0,40.0,4.3
759,2015-03-27 06:42:05,13.0,25.0,12.0,56.0,60.0,40.0,4.4
760,2015-03-27 07:12:05,13.0,25.0,12.0,56.5,60.0,40.0,4.6
761,2015-03-27 07:42:05,13.0,25.0,12.0,56.5,60.0,40.0,4.6
762,2015-03-27 08:12:05,13.0,25.0,12.0,56.5,60.0,40.0,4.6
763,2015-03-27 08:42:05,13.0,25.0,12.0,57.0,60.0,40.0,4.7
764,2015-03-27 09:12:05,13.0,25.0,12.0,57.5,60.0,40.0,4.8
765,2015-03-27 09:42:05,13.0,25.0,12.0,58.5,60.0,40.0,5.1
766,2015-03-27 10:12:05,13.0,25.0,12.0,58.5,60.0,40.0,5.1
767,2015-03-27 10:42:05,13.0,25.0,12.0,59.0,60.0,40.0,5.2
768,2015-03-27 11:12:05,13.0,25.0,12.0,59.5,60.0,40.0,5.3
769,2015-03-27 11:42:05,13.0,25.0,12.0,60.0,60.0,40.0,5.4
770,2015-03-27 12:12:05,13.0,25.0,12.0,60.0,60.0,40.0,5.4
771,2015-03-27 12:42:05,13.0,25.0,12.0,60.5,60.0,40.0,5.5
772,2015-03-27 13:12:05,13.0,25.0,12.0,61.0,60.0,40.0,5.7
773,2015-03-27 13:42:05,13.0,25.0,12.0,61.0,60.0,40.0,5.7
774,2015-03-27 14:12:05,13.0,25.0,12.0,61.5,60.0,40.0,5.8
775,2015-03-27 14:42:05,13.0,25.0,12.0,61.5,60.0,40.0,5.8
776,2015-03-27 15:12:05,13.0,25.0,12.0,61.5,60.0,40.0,5.8
777,2015-03-27 15:42:05,13.0,25.0,12.0,61.5,60.0,40.0,5.8
778,2015-03-27 16:12:05,13.0,25.0,12.0,62.0,60.0,40.0,5.9
779,2015-03-27 16:42:05,13.0,25.0,12.0,62.0,60.0,40.0,5.9
780,2015-03-27 17:12:05,13.0,25.0,12.0,62.0,60.0,40.0,5.9
781,2015-03-27 17:42:05,13.0,25.0,12.0,61.5,60.0,40.0,5.8
782,2015-03-27 18:12:05,13.0,25.0,12.0,61.5,60.0,40.0,5.8
783,2015-03-27 18:42:05,13.0,25.0,12.0,61.5,60.0,40.0,5.8
784,2015-03-27 19:12:05,13.0,25.0,12.0,61.0,60.0,40.0,5.7
785,2015-03-27 19:42:05,13.0,25.0,12.0,61.0,60.0,40.0,5.7
786,2015-03-27 20:12:05,13.0,25.0,12.0,60.5,60.0,40.0,5.5
787,2015-03-27 20:42:05,13.0,25.0,12.0,60.5,60.0,40.0,5.5
788,2015-03-27 21:12:05,13.0,25.0,12.0,60.5,60.0,40.0,5.5
789,2015-03-27 21:42:05,13.0,25.0,12.0,60.5,60.0,40.0,5.5
790,2015-03-27 22:12:05,13.0,25.0,12.0,60.5,60.0,40.0,5.5
791,2015-03-27 22:42:05,13.0,25.0,12.0,60.5,60.0,40.0,5.5
792,2015-03-27 23:12:05,13.0,25.0,12.0,60.5,60.0,40.0,5.5
793,2015-03-27 23:42:05,13.0,25.0,12.0,60.5,60.0,40.0,5.5
794,2015-03-28 00:12:05,13.0,25.0,12.0,60.5,60.0,40.0,5.5
795,2015-03-28 00:42:05,13.0,25.0,12.0,60.0,60.0,40.0,5.4
796,2015-03-28 01:12:05,13.0,25.0,12.0,60.0,60.0,40.0,5.4
797,2015-03-28 01:42:05,13.0,25.0,12.0,59.5,60.0,40.0,5.3
798,2015-03-28 02:12:05,13.0,25.0,12.0,59.5,60.0,40.0,5.3
799,2015-03-28 02:42:05,13.0,25.0,12.0,59.5,60.0,40.0,5.3
800,2015-03-28 03:12:05,13.0,25.0,12.0,59.0,60.0,40.0,5.2
801,2015-03-28 03:42:05,13.0,25.0,12.0,58.5,60.0,40.0,5.1
802,2015-03-28 04:12:05,13.0,25.0,12.0,58.5,60.0,40.0,5.1
803,2015-03-28 04:42:05,13.0,25.0,12.0,58.5,60.0,40.0,5.1
804,2015-03-28 05:12:05,13.0,25.0,12.0,58.5,60.0,40.0,5.1
805,2015-03-28 05:42:05,13.0,25.0,12.0,58.0,60.0,40.0,4.9
806,2015-03-28 06:12:05,13.0,25.0,12.0,58.0,60.0,40.0,4.9
807,2015-03-28 06:42:05,13.0,25.0,12.0,58.0,60.0,40.0,4.9
808,2015-03-28 07:12:05,13.0,25.0,12.0,58.0,60.0,40.0,4.9
809,2015-03-28 07:42:05,13.0,25.0,12.0,57.5,60.0,40.0,4.8
810,2015-03-28 08:12:05,13.0,25.0,12.0,57.5,60.0,40.0,4.8
811,2015-03-28 08:42:05,13.0,25.0,12.0,57.5,60.0,40.0,4.8
812,2015-03-28 09:12:05,13.0,25.0,12.0,58.0,60.0,40.0,4.9
813,2015-03-28 09:42:05,13.0,25.0,12.0,58.0,60.0,40.0,4.9
814,2015-03-28 10:12:05,13.0,25.0,12.0,58.0,60.0,40.0,4.9
815,2015-03-28 10:42:05,13.0,25.0,12.0,58.0,60.0,40.0,4.9
816,2015-03-28 11:12:05,13.0,25.0,12.0,58.0,60.0,40.0,4.9
817,2015-03-28 11:42:05,13.0,25.0,12.0,58.0,60.0,40.0,4.9
818,2015-03-28 12:12:05,13.0,25.0,12.0,58.0,60.0,40.0,4.9
819,2015-03-28 12:42:05,13.0,25.0,12.0,58.5,60.0,40.0,5.1
820,2015-03-28 13:12:05,13.0,25.0,12.0,58.5,60.0,40.0,5.1
821,2015-03-28 13:42:05,13.0,25.0,12.0,58.5,60.0,40.0,5.1
822,2015-03-28 14:12:05,13.0,25.0,12.0,58.5,60.0,40.0,5.1
823,2015-03-28 14:42:05,13.0,25.0,12.0,58.5,60.0,40.0,5.1
824,2015-03-28 15:12:05,13.0,25.0,12.0,58.5,60.0,40.0,5.1
825,2015-03-28 15:42:05,13.0,25.0,12.0,58.5,60.0,40.0,5.1
826,2015-03-28 16:12:05,13.0,25.0,12.0,58.5,60.0,40.0,5.1
827,2015-03-28 16:42:05,13.0,25.0,12.0,58.0,60.0,40.0,4.9
828,2015-03-28 17:12:05,13.0,25.0,12.0,58.0,60.0,40.0,4.9
829,2015-03-28 17:42:05,13.0,25.0,12.0,58.0,60.0,40.0,4.9
830,2015-03-28 18:12:05,13.0,25.0,12.0,58.0,60.0,40.0,4.9
831,2015-03-28 18:42:05,13.0,25.0,12.0,58.0,60.0,40.0,4.9
832,2015-03-28 19:12:05,13.0,25.0,12.0,57.5,60.0,40.0,4.8
833,2015-03-28 19:42:05,13.0,25.0,12.0,57.5,60.0,40.0,4.8
834,2015-03-28 20:12:05,13.0,25.0,12.0,57.5,60.0,40.0,4.8
835,2015-03-28 20:42:05,13.0,25.0,12.0,57.5,60.0,40.0,4.8
836,2015-03-28 21:12:05,13.0,25.0,12.0,57.5,60.0,40.0,4.8
837,2015-03-28 21:42:05,13.0,25.0,12.0,57.0,60.0,40.0,4.7
838,2015-03-28 22:12:05,13.0,25.0,12.0,57.0,60.0,40.0,4.7
839,2015-03-28 22:42:05,13.0,25.0,12.0,57.0,60.0,40.0,4.7
840,2015-03-28 23:12:05,13.0,25.0,12.0,57.0,60.0,40.0,4.7
841,2015-03-28 23:42:05,13.0,25.0,12.0,57.0,60.0,40.0,4.7
842,2015-03-29 00:12:05,13.0,25.0,12.0,56.5,60.0,40.0,4.6
843,2015-03-29 00:42:05,13.0,25.0,12.0,56.5,60.0,40.0,4.6
844,2015-03-29 01:12:05,13.0,25.0,12.0,56.5,60.0,40.0,4.6
845,2015-03-29 01:42:05,13.0,25.0,12.0,56.5,60.0,40.0,4.6
846,2015-03-29 02:12:05,13.0,25.0,12.0,56.5,60.0,40.0,4.6
847,2015-03-29 02:42:05,13.0,25.0,12.0,56.5,60.0,40.0,4.6
848,2015-03-29 03:12:05,13.0,25.0,12.0,56.0,60.0,40.0,4.4
849,2015-03-29 03:42:05,13.0,25.0,12.0,56.0,60.0,40.0,4.4
850,2015-03-29 04:12:05,13.0,25.0,12.0,56.0,60.0,40.0,4.4
851,2015-03-29 04:42:05,13.0,25.0,12.0,56.0,60.0,40.0,4.4
852,2015-03-29 05:12:05,13.0,25.0,12.0,56.0,60.0,40.0,4.4
853,2015-03-29 05:42:05,13.0,25.0,12.0,55.5,60.0,40.0,4.3
854,2015-03-29 06:12:05,13.0,25.0,12.0,55.5,60.0,40.0,4.3
855,2015-03-29 06:42:05,13.0,25.0,12.0,55.0,60.0,40.0,4.2
856,2015-03-29 07:12:05,13.0,25.0,12.0,55.5,60.0,40.0,4.3
857,2015-03-29 07:42:05,13.0,25.0,12.0,55.0,60.0,40.0,4.2
858,2015-03-29 08:12:05,13.0,25.0,12.0,55.0,60.0,40.0,4.2
859,2015-03-29 08:42:05,13.0,25.0,12.0,55.0,60.0,40.0,4.2
860,2015-03-29 09:12:05,13.0,25.0,12.0,55.0,60.0,40.0,4.2
861,2015-03-29 09:42:05,13.0,25.0,12.0,55.0,60.0,40.0,4.2
862,2015-03-29 10:12:05,13.0,25.0,12.0,55.0,60.0,40.0,4.2
863,2015-03-29 10:42:05,13.0,25.0,12.0,54.5,60.0,40.0,4.1
864,2015-03-29 11:12:05,13.0,25.0,12.0,54.0,60.0,40.0,3.9
865,2015-03-29 11:42:05,13.0,25.0,12.0,54.5,60.0,40.0,4.1
866,2015-03-29 12:12:05,13.0,25.0,12.0,55.0,60.0,40.0,4.2
867,2015-03-29 12:42:05,13.0,25.0,12.0,54.5,60.0,40.0,4.1
868,2015-03-29 13:12:05,13.0,25.0,12.0,54.0,60.0,40.0,3.9
869,2015-03-29 13:42:05,13.0,25.0,12.0,53.0,60.0,40.0,3.7
870,2015-03-29 14:12:05,13.0,25.0,12.0,53.0,60.0,40.0,3.7
871,2015-03-29 14:42:05,13.0,25.0,12.0,53.0,60.0,40.0,3.7
872,2015-03-29 15:12:05,13.0,25.0,12.0,53.5,60.0,40.0,3.8
873,2015-03-29 15:42:05,13.0,25.0,12.0,54.0,60.0,40.0,3.9
874,2015-03-29 16:12:05,13.0,25.0,12.0,55.0,60.0,40.0,4.2
875,2015-03-29 16:42:05,13.0,25.0,12.0,55.0,60.0,40.0,4.2
876,2015-03-29 17:12:05,13.0,25.0,12.0,55.5,60.0,40.0,4.3
877,2015-03-29 17:42:05,13.0,25.0,12.0,55.5,60.0,40.0,4.3
878,2015-03-29 18:12:05,13.0,25.0,12.0,56.0,60.0,40.0,4.4
879,2015-03-29 18:42:05,13.0,25.0,12.0,56.0,60.0,40.0,4.4
880,2015-03-29 19:12:05,13.0,25.0,12.0,56.5,60.0,40.0,4.6
881,2015-03-29 19:42:05,13.0,25.0,12.0,56.5,60.0,40.0,4.6
882,2015-03-29 20:12:05,13.0,25.0,12.0,56.5,60.0,40.0,4.6
883,2015-03-29 20:42:05,13.0,25.0,12.0,57.0,60.0,40.0,4.7
884,2015-03-29 21:12:05,13.0,25.0,12.0,57.5,60.0,40.0,4.8
885,2015-03-29 21:42:05,13.0,25.0,12.0,58.0,60.0,40.0,4.9
886,2015-03-29 22:12:05,13.0,25.0,12.0,58.0,60.0,40.0,4.9
887,2015-03-29 22:42:05,13.0,25.0,12.0,58.5,60.0,40.0,5.1
888,2015-03-29 23:12:05,13.0,25.0,12.0,59.0,60.0,40.0,5.2
889,2015-03-29 23:42:05,13.0,25.0,12.0,59.0,60.0,40.0,5.2
890,2015-03-30 00:12:05,13.0,25.0,12.0,59.0,60.0,40.0,5.2
891,2015-03-30 00:42:05,13.0,25.0,12.0,59.0,60.0,40.0,5.2
892,2015-03-30 01:12:05,13.0,25.0,12.0,59.0,60.0,40.0,5.2
893,2015-03-30 01:42:05,13.0,25.0,12.0,58.5,60.0,40.0,5.1
894,2015-03-30 02:12:05,13.0,25.0,12.0,58.5,60.0,40.0,5.1
895,2015-03-30 02:42:05,13.0,25.0,12.0,58.5,60.0,40.0,5.1
896,2015-03-30 03:12:05,13.0,25.0,12.0,58.0,60.0,40.0,4.9
897,2015-03-30 03:42:05,13.0,25.0,12.0,58.0,60.0,40.0,4.9
898,2015-03-30 04:12:05,13.0,25.0,12.0,58.0,60.0,40.0,4.9
899,2015-03-30 04:42:05,13.0,25.0,12.0,58.0,60.0,40.0,4.9
900,2015-03-30 05:12:05,13.0,25.0,12.0,57.5,60.0,40.0,4.8
901,2015-03-30 05:42:05,13.0,25.0,12.0,57.5,60.0,40.0,4.8
902,2015-03-30 06:12:05,13.0,25.0,12.0,57.5,60.0,40.0,4.8
903,2015-03-30 06:42:05,13.0,25.0,12.0,57.5,60.0,40.0,4.8
904,2015-03-30 07:12:05,13.0,25.0,12.0,57.0,60.0,40.0,4.7
905,2015-03-30 07:42:05,13.0,25.0,12.0,57.0,60.0,40.0,4.7
906,2015-03-30 08:12:05,13.0,25.0,12.0,56.5,60.0,40.0,4.6
907,2015-03-30 08:42:05,13.0,25.0,12.0,56.5,60.0,40.0,4.6
908,2015-03-30 09:12:05,13.0,25.0,12.0,56.5,60.0,40.0,4.6
909,2015-03-30 09:42:05,13.0,25.0,12.0,56.5,60.0,40.0,4.6
910,2015-03-30 10:12:05,13.0,25.0,12.0,56.5,60.0,40.0,4.6
911,2015-03-30 10:42:05,13.0,25.0,12.0,56.5,60.0,40.0,4.6
912,2015-03-30 11:12:05,13.0,25.0,12.0,56.5,60.0,40.0,4.6
913,2015-03-30 11:42:05,13.0,25.0,12.0,56.0,60.0,40.0,4.4
914,2015-03-30 12:12:05,13.0,25.0,12.0,56.0,60.0,40.0,4.4
915,2015-03-30 12:42:05,13.0,25.0,12.0,55.5,60.0,40.0,4.3
916,2015-03-30 13:12:05,13.0,25.0,12.0,55.5,60.0,40.0,4.3
917,2015-03-30 13:42:05,13.0,25.0,12.0,56.0,60.0,40.0,4.4
918,2015-03-30 14:12:05,13.0,25.0,12.0,55.5,60.0,40.0,4.3
919,2015-03-30 14:42:05,13.0,25.0,12.0,56.0,60.0,40.0,4.4
920,2015-03-30 15:12:05,13.0,25.0,12.0,55.5,60.0,40.0,4.3
921,2015-03-30 15:42:05,13.0,25.0,12.0,55.5,60.0,40.0,4.3
922,2015-03-30 16:12:05,13.0,25.0,12.0,55.0,60.0,40.0,4.2
923,2015-03-30 16:42:05,13.0,25.0,12.0,55.0,60.0,40.0,4.2
924,2015-03-30 17:12:05,13.0,25.0,12.0,54.5,60.0,40.0,4.1
925,2015-03-30 17:42:05,13.0,25.0,12.0,54.5,60.0,40.0,4.1
926,2015-03-30 18:12:05,13.0,25.0,12.0,55.0,60.0,40.0,4.2
927,2015-03-30 18:42:05,13.0,25.0,12.0,54.5,60.0,40.0,4.1
928,2015-03-30 19:12:05,13.0,25.0,12.0,54.5,60.0,40.0,4.1
929,2015-03-30 19:42:05,13.0,25.0,12.0,54.0,60.0,40.0,3.9
930,2015-03-30 20:12:05,13.0,25.0,12.0,54.0,60.0,40.0,3.9
931,2015-03-30 20:42:05,13.0,25.0,12.0,54.0,60.0,40.0,3.9
932,2015-03-30 21:12:05,13.0,25.0,12.0,54.0,60.0,40.0,3.9
933,2015-03-30 21:42:05,13.0,25.0,12.0,54.0,60.0,40.0,3.9
934,2015-03-30 22:12:05,13.0,25.0,12.0,54.0,60.0,40.0,3.9
935,2015-03-30 22:42:05,13.0,25.0,12.0,54.0,60.0,40.0,3.9
936,2015-03-30 23:12:05,13.0,25.0,12.0,54.0,60.0,40.0,3.9
937,2015-03-30 23:42:05,13.0,25.0,12.0,54.0,60.0,40.0,3.9
938,2015-03-31 00:12:05,13.0,25.0,12.0,54.0,60.0,40.0,3.9
939,2015-03-31 00:42:05,13.0,25.0,12.0,54.0,60.0,40.0,3.9
940,2015-03-31 01:12:05,13.0,25.0,12.0,54.0,60.0,40.0,3.9
941,2015-03-31 01:42:05,13.0,25.0,12.0,54.0,60.0,40.0,3.9
942,2015-03-31 02:12:05,13.0,25.0,12.0,54.0,60.0,40.0,3.9
943,2015-03-31 02:42:05,13.0,25.0,12.0,54.0,60.0,40.0,3.9
944,2015-03-31 03:12:05,13.0,25.0,12.0,54.0,60.0,40.0,3.9
945,2015-03-31 03:42:05,13.0,25.0,12.0,54.0,60.0,40.0,3.9
946,2015-03-31 04:12:05,12.5,25.0,12.0,54.0,60.0,40.0,3.5
947,2015-03-31 04:42:05,12.5,25.0,12.0,54.0,60.0,40.0,3.5
948,2015-03-31 05:12:05,12.5,25.0,12.0,54.0,60.0,40.0,3.5
949,2015-03-31 05:42:05,12.5,25.0,12.0,54.0,60.0,40.0,3.5
950,2015-03-31 06:12:05,12.5,25.0,12.0,54.0,60.0,40.0,3.5
951,2015-03-31 06:42:05,12.5,25.0,12.0,54.0,60.0,40.0,3.5
952,2015-03-31 07:12:05,12.5,25.0,12.0,54.0,60.0,40.0,3.5
953,2015-03-31 07:42:05,12.5,25.0,12.0,54.0,60.0,40.0,3.5
954,2015-03-31 08:12:05,12.5,25.0,12.0,54.0,60.0,40.0,3.5
955,2015-03-31 08:42:05,13.0,25.0,12.0,54.0,60.0,40.0,3.9
956,2015-03-31 09:12:05,13.0,25.0,12.0,53.5,60.0,40.0,3.8
957,2015-03-31 09:42:05,13.0,25.0,12.0,54.0,60.0,40.0,3.9
958,2015-03-31 10:12:05,13.0,25.0,12.0,54.0,60.0,40.0,3.9
959,2015-03-31 10:42:05,12.5,25.0,12.0,54.0,60.0,40.0,3.5
960,2015-03-31 11:12:05,12.5,25.0,12.0,54.5,60.0,40.0,3.6
961,2015-03-31 11:42:05,12.5,25.0,12.0,54.5,60.0,40.0,3.6
962,2015-03-31 12:12:05,12.5,25.0,12.0,54.5,60.0,40.0,3.6
963,2015-03-31 12:42:05,12.5,25.0,12.0,55.0,60.0,40.0,3.7
964,2015-03-31 13:12:05,13.0,25.0,12.0,55.0,60.0,40.0,4.2
965,2015-03-31 13:42:05,13.0,25.0,12.0,55.0,60.0,40.0,4.2
966,2015-03-31 14:12:05,13.0,25.0,12.0,55.0,60.0,40.0,4.2
967,2015-03-31 14:42:05,12.5,25.0,12.0,55.5,60.0,40.0,3.8
968,2015-03-31 15:12:05,12.5,25.0,12.0,55.5,60.0,40.0,3.8
969,2015-03-31 15:42:05,12.5,25.0,12.0,55.5,60.0,40.0,3.8
970,2015-03-31 16:12:05,12.5,25.0,12.0,56.0,60.0,40.0,4.0
971,2015-03-31 16:42:05,12.5,25.0,12.0,56.0,60.0,40.0,4.0
972,2015-03-31 17:12:05,12.5,25.0,12.0,56.0,60.0,40.0,4.0
973,2015-03-31 17:42:05,12.5,25.0,12.0,56.0,60.0,40.0,4.0
974,2015-03-31 18:12:05,12.5,25.0,12.0,56.0,60.0,40.0,4.0
975,2015-03-31 18:42:05,12.5,25.0,12.0,56.0,60.0,40.0,4.0
976,2015-03-31 19:12:05,12.5,25.0,12.0,56.0,60.0,40.0,4.0
977,2015-03-31 19:42:05,12.5,25.0,12.0,56.0,60.0,40.0,4.0
978,2015-03-31 20:12:05,12.5,25.0,12.0,56.0,60.0,40.0,4.0
979,2015-03-31 20:42:05,12.5,25.0,12.0,56.0,60.0,40.0,4.0
980,2015-03-31 21:12:05,12.5,25.0,12.0,56.0,60.0,40.0,4.0
981,2015-03-31 21:42:05,12.5,25.0,12.0,56.5,60.0,40.0,4.1
982,2015-03-31 22:12:05,12.5,25.0,12.0,56.5,60.0,40.0,4.1
983,2015-03-31 22:42:05,12.5,25.0,12.0,56.5,60.0,40.0,4.1
984,2015-03-31 23:12:05,12.5,25.0,12.0,56.5,60.0,40.0,4.1
985,2015-03-31 23:42:05,12.5,25.0,12.0,56.5,60.0,40.0,4.1
986,2015-04-01 00:12:05,12.5,25.0,12.0,56.5,60.0,40.0,4.1
987,2015-04-01 00:42:05,12.5,25.0,12.0,56.5,60.0,40.0,4.1
988,2015-04-01 01:12:05,12.5,25.0,12.0,56.5,60.0,40.0,4.1
989,2015-04-01 01:42:05,12.5,25.0,12.0,56.5,60.0,40.0,4.1
990,2015-04-01 02:12:05,12.5,25.0,12.0,56.0,60.0,40.0,4.0
991,2015-04-01 02:42:05,12.5,25.0,12.0,56.0,60.0,40.0,4.0
992,2015-04-01 03:12:05,12.5,25.0,12.0,56.0,60.0,40.0,4.0
993,2015-04-01 03:42:05,12.5,25.0,12.0,56.0,60.0,40.0,4.0
994,2015-04-01 04:12:05,12.5,25.0,12.0,56.0,60.0,40.0,4.0
995,2015-04-01 04:42:05,12.5,25.0,12.0,56.0,60.0,40.0,4.0
996,2015-04-01 05:12:05,12.5,25.0,12.0,56.0,60.0,40.0,4.0
997,2015-04-01 05:42:05,12.5,25.0,12.0,56.0,60.0,40.0,4.0
998,2015-04-01 06:12:05,12.5,25.0,12.0,55.5,60.0,40.0,3.8
999,2015-04-01 06:42:05,12.5,25.0,12.0,56.0,60.0,40.0,4.0
1000,2015-04-01 07:12:05,12.5,25.0,12.0,55.5,60.0,40.0,3.8
1001,2015-04-01 07:42:05,12.5,25.0,12.0,56.0,60.0,40.0,4.0
1002,2015-04-01 08:12:05,12.5,25.0,12.0,55.5,60.0,40.0,3.8
1003,2015-04-01 08:42:05,13.0,25.0,12.0,55.0,60.0,40.0,4.2
1004,2015-04-01 09:12:05,13.0,25.0,12.0,55.0,60.0,40.0,4.2
1005,2015-04-01 09:42:05,13.0,25.0,12.0,55.0,60.0,40.0,4.2
1006,2015-04-01 10:12:05,13.0,25.0,12.0,55.0,60.0,40.0,4.2
1007,2015-04-01 10:42:05,12.5,25.0,12.0,54.5,60.0,40.0,3.6
1008,2015-04-01 11:12:05,12.5,25.0,12.0,55.0,60.0,40.0,3.7
1009,2015-04-01 11:42:05,12.5,25.0,12.0,54.5,60.0,40.0,3.6
1010,2015-04-01 12:12:05,12.5,25.0,12.0,54.5,60.0,40.0,3.6
1011,2015-04-01 12:42:05,13.0,25.0,12.0,54.0,60.0,40.0,3.9
1012,2015-04-01 13:12:05,13.0,25.0,12.0,54.0,60.0,40.0,3.9
1013,2015-04-01 13:42:05,13.0,25.0,12.0,54.0,60.0,40.0,3.9
1014,2015-04-01 14:12:05,13.0,25.0,12.0,53.5,60.0,40.0,3.8
1015,2015-04-01 14:42:05,13.0,25.0,12.0,53.5,60.0,40.0,3.8
1016,2015-04-01 15:12:05,13.0,25.0,12.0,53.0,60.0,40.0,3.7
1017,2015-04-01 15:42:05,13.0,25.0,12.0,53.0,60.0,40.0,3.7
1018,2015-04-01 16:12:05,13.0,25.0,12.0,53.0,60.0,40.0,3.7
1019,2015-04-01 16:42:05,13.0,25.0,12.0,53.0,60.0,40.0,3.7
1020,2015-04-01 17:12:05,13.0,25.0,12.0,53.0,60.0,40.0,3.7
1021,2015-04-01 17:42:05,13.0,25.0,12.0,53.0,60.0,40.0,3.7
1022,2015-04-01 18:12:05,13.0,25.0,12.0,53.5,60.0,40.0,3.8
1023,2015-04-01 18:42:05,13.0,25.0,12.0,53.0,60.0,40.0,3.7
1024,2015-04-01 19:12:05,13.0,25.0,12.0,53.5,60.0,40.0,3.8
1025,2015-04-01 19:42:05,13.0,25.0,12.0,53.5,60.0,40.0,3.8
1026,2015-04-01 20:12:05,13.0,25.0,12.0,53.5,60.0,40.0,3.8
1027,2015-04-01 20:42:05,13.0,25.0,12.0,53.5,60.0,40.0,3.8
1028,2015-04-01 21:12:05,13.0,25.0,12.0,53.5,60.0,40.0,3.8
1029,2015-04-01 21:42:05,13.0,25.0,12.0,53.5,60.0,40.0,3.8
1030,2015-04-01 22:12:05,13.0,25.0,12.0,53.5,60.0,40.0,3.8
1031,2015-04-01 22:42:05,13.0,25.0,12.0,53.5,60.0,40.0,3.8
1032,2015-04-01 23:12:05,13.0,25.0,12.0,54.0,60.0,40.0,3.9
1033,2015-04-01 23:42:05,13.0,25.0,12.0,54.0,60.0,40.0,3.9
1034,2015-04-02 00:12:05,13.0,25.0,12.0,54.0,60.0,40.0,3.9
1035,2015-04-02 00:42:05,13.0,25.0,12.0,54.0,60.0,40.0,3.9
1036,2015-04-02 01:12:05,13.0,25.0,12.0,54.5,60.0,40.0,4.1
1037,2015-04-02 01:42:05,13.0,25.0,12.0,54.5,60.0,40.0,4.1
1038,2015-04-02 02:12:05,13.0,25.0,12.0,54.5,60.0,40.0,4.1
1039,2015-04-02 02:42:05,13.0,25.0,12.0,55.0,60.0,40.0,4.2
1040,2015-04-02 03:12:05,13.0,25.0,12.0,55.0,60.0,40.0,4.2
1041,2015-04-02 03:42:05,13.0,25.0,12.0,55.0,60.0,40.0,4.2
1042,2015-04-02 04:12:05,13.0,25.0,12.0,55.5,60.0,40.0,4.3
1043,2015-04-02 04:42:05,13.0,25.0,12.0,55.5,60.0,40.0,4.3
1044,2015-04-02 05:12:05,13.0,25.0,12.0,56.0,60.0,40.0,4.4
1045,2015-04-02 05:42:05,13.0,25.0,12.0,56.0,60.0,40.0,4.4
1046,2015-04-02 06:12:05,13.0,25.0,12.0,56.0,60.0,40.0,4.4
1047,2015-04-02 06:42:05,13.0,25.0,12.0,56.5,60.0,40.0,4.6
1048,2015-04-02 07:12:05,13.0,25.0,12.0,56.5,60.0,40.0,4.6
1049,2015-04-02 07:42:05,13.0,25.0,12.0,56.5,60.0,40.0,4.6
1050,2015-04-02 08:12:05,13.0,25.0,12.0,56.5,60.0,40.0,4.6
1051,2015-04-02 08:42:05,13.0,25.0,12.0,56.5,60.0,40.0,4.6
1052,2015-04-02 09:12:05,13.0,25.0,12.0,56.5,60.0,40.0,4.6
1053,2015-04-02 09:42:05,13.0,25.0,12.0,56.5,60.0,40.0,4.6
1054,2015-04-02 10:12:05,13.0,25.0,12.0,57.0,60.0,40.0,4.7
1055,2015-04-02 10:42:05,13.0,25.0,12.0,57.0,60.0,40.0,4.7
1056,2015-04-02 11:12:05,13.0,25.0,12.0,57.5,60.0,40.0,4.8
1057,2015-04-02 11:42:05,13.0,25.0,12.0,57.5,60.0,40.0,4.8
1058,2015-04-02 12:12:05,13.0,25.0,12.0,58.0,60.0,40.0,4.9
1059,2015-04-02 12:42:05,13.0,25.0,12.0,58.0,60.0,40.0,4.9
1060,2015-04-02 13:12:05,13.0,25.0,12.0,58.5,60.0,40.0,5.1
1061,2015-04-02 13:42:05,13.0,25.0,12.0,58.5,60.0,40.0,5.1
1062,2015-04-02 14:12:05,13.0,25.0,12.0,59.0,60.0,40.0,5.2
1063,2015-04-02 14:42:05,13.0,25.0,12.0,59.0,60.0,40.0,5.2
1064,2015-04-02 15:12:05,13.0,25.0,12.0,59.0,60.0,40.0,5.2
1065,2015-04-02 15:42:05,13.0,25.0,12.0,59.5,60.0,40.0,5.3
1066,2015-04-02 16:12:05,13.0,25.0,12.0,59.5,60.0,40.0,5.3
1067,2015-04-02 16:42:05,13.0,25.0,12.0,59.5,60.0,40.0,5.3
1068,2015-04-02 17:12:05,13.0,25.0,12.0,60.0,60.0,40.0,5.4
1069,2015-04-02 17:42:05,13.0,25.0,12.0,60.0,60.0,40.0,5.4
1070,2015-04-02 18:12:05,13.0,25.0,12.0,60.0,60.0,40.0,5.4
1071,2015-04-02 18:42:05,13.0,25.0,12.0,60.0,60.0,40.0,5.4
1072,2015-04-02 19:12:05,13.0,25.0,12.0,60.5,60.0,40.0,5.5
1073,2015-04-02 19:42:05,13.0,25.0,12.0,60.0,60.0,40.0,5.4
1074,2015-04-02 20:12:05,13.0,25.0,12.0,60.0,60.0,40.0,5.4
1075,2015-04-02 20:42:05,13.0,25.0,12.0,60.0,60.0,40.0,5.4
1076,2015-04-02 21:12:05,13.0,25.0,12.0,60.0,60.0,40.0,5.4
1077,2015-04-02 21:42:05,13.0,25.0,12.0,60.0,60.0,40.0,5.4
1078,2015-04-02 22:12:05,13.0,25.0,12.0,60.0,60.0,40.0,5.4
1079,2015-04-02 22:42:05,13.0,25.0,12.0,60.0,60.0,40.0,5.4
1080,2015-04-02 23:12:05,13.0,25.0,12.0,59.5,60.0,40.0,5.3
1081,2015-04-02 23:42:05,13.0,25.0,12.0,59.5,60.0,40.0,5.3
1082,2015-04-03 00:12:05,13.0,25.0,12.0,59.5,60.0,40.0,5.3
1083,2015-04-03 00:42:05,13.0,25.0,12.0,59.5,60.0,40.0,5.3
1084,2015-04-03 01:12:05,13.0,25.0,12.0,59.5,60.0,40.0,5.3
1085,2015-04-03 01:42:05,13.0,25.0,12.0,59.5,60.0,40.0,5.3
1086,2015-04-03 02:12:05,13.0,25.0,12.0,59.0,60.0,40.0,5.2
1087,2015-04-03 02:42:05,13.0,25.0,12.0,59.5,60.0,40.0,5.3
1088,2015-04-03 03:12:05,13.0,25.0,12.0,59.5,60.0,40.0,5.3
1089,2015-04-03 03:42:05,13.0,25.0,12.0,59.5,60.0,40.0,5.3
1090,2015-04-03 04:12:05,13.0,25.0,12.0,59.5,60.0,40.0,5.3
1091,2015-04-03 04:42:05,13.0,25.0,12.0,59.5,60.0,40.0,5.3
1092,2015-04-03 05:12:05,13.0,25.0,12.0,59.5,60.0,40.0,5.3
1093,2015-04-03 05:42:05,13.0,25.0,12.0,59.0,60.0,40.0,5.2
1094,2015-04-03 06:12:05,13.0,25.0,12.0,59.5,60.0,40.0,5.3
1095,2015-04-03 06:42:05,13.0,25.0,12.0,59.0,60.0,40.0,5.2
1096,2015-04-03 07:12:05,13.0,25.0,12.0,59.0,60.0,40.0,5.2
1097,2015-04-03 07:42:05,13.0,25.0,12.0,59.0,60.0,40.0,5.2
1098,2015-04-03 08:12:05,13.0,25.0,12.0,59.5,60.0,40.0,5.3
1099,2015-04-03 08:42:05,13.0,25.0,12.0,59.0,60.0,40.0,5.2
1100,2015-04-03 09:12:05,13.0,25.0,12.0,59.0,60.0,40.0,5.2
1101,2015-04-03 09:42:05,13.0,25.0,12.0,59.5,60.0,40.0,5.3
1102,2015-04-03 10:12:05,13.0,25.0,12.0,59.5,60.0,40.0,5.3
1103,2015-04-03 10:42:05,13.0,25.0,12.0,59.0,60.0,40.0,5.2
1104,2015-04-03 11:12:05,13.0,25.0,12.0,59.0,60.0,40.0,5.2
1105,2015-04-03 11:42:05,13.0,25.0,12.0,59.0,60.0,40.0,5.2
1106,2015-04-03 12:12:05,13.0,25.0,12.0,59.0,60.0,40.0,5.2
1107,2015-04-03 12:42:05,13.0,25.0,12.0,58.5,60.0,40.0,5.1
1108,2015-04-03 13:12:05,13.0,25.0,12.0,58.5,60.0,40.0,5.1
1109,2015-04-03 13:42:05,13.0,25.0,12.0,58.5,60.0,40.0,5.1
1110,2015-04-03 14:12:05,13.0,25.0,12.0,58.5,60.0,40.0,5.1
1111,2015-04-03 14:42:05,13.0,25.0,12.0,58.5,60.0,40.0,5.1
1112,2015-04-03 15:12:05,13.0,25.0,12.0,58.0,60.0,40.0,4.9
1113,2015-04-03 15:42:05,13.0,25.0,12.0,58.0,60.0,40.0,4.9
1114,2015-04-03 16:12:05,13.0,25.0,12.0,58.0,60.0,40.0,4.9
1115,2015-04-03 16:42:05,13.0,25.0,12.0,58.0,60.0,40.0,4.9
1116,2015-04-03 17:12:05,13.0,25.0,12.0,58.0,60.0,40.0,4.9
1117,2015-04-03 17:42:05,13.5,25.0,12.0,58.0,60.0,40.0,5.4
1118,2015-04-03 18:12:05,13.5,25.0,12.0,58.0,60.0,40.0,5.4
1119,2015-04-03 18:42:05,13.5,25.0,12.0,58.0,60.0,40.0,5.4
1120,2015-04-03 19:12:05,13.5,25.0,12.0,58.5,60.0,40.0,5.5
1121,2015-04-03 19:42:05,13.5,25.0,12.0,58.5,60.0,40.0,5.5
1122,2015-04-03 20:12:05,13.0,25.0,12.0,58.5,60.0,40.0,5.1
1123,2015-04-03 20:42:05,13.0,25.0,12.0,58.5,60.0,40.0,5.1
1124,2015-04-03 21:12:05,13.0,25.0,12.0,58.5,60.0,40.0,5.1
1125,2015-04-03 21:42:05,13.5,25.0,12.0,58.5,60.0,40.0,5.5
1126,2015-04-03 22:12:05,13.0,25.0,12.0,58.5,60.0,40.0,5.1
1127,2015-04-03 22:42:05,13.0,25.0,12.0,58.5,60.0,40.0,5.1
1128,2015-04-03 23:12:05,13.5,25.0,12.0,58.5,60.0,40.0,5.5
1129,2015-04-03 23:42:05,13.5,25.0,12.0,58.5,60.0,40.0,5.5
1130,2015-04-04 00:12:05,13.5,25.0,12.0,58.5,60.0,40.0,5.5
1131,2015-04-04 00:42:05,13.5,25.0,12.0,58.5,60.0,40.0,5.5
1132,2015-04-04 01:12:05,13.5,25.0,12.0,58.5,60.0,40.0,5.5
1133,2015-04-04 01:42:05,13.5,25.0,12.0,58.5,60.0,40.0,5.5
1134,2015-04-04 02:12:05,13.5,25.0,12.0,59.0,60.0,40.0,5.7
1135,2015-04-04 02:42:05,13.5,25.0,12.0,59.0,60.0,40.0,5.7
1136,2015-04-04 03:12:05,13.5,25.0,12.0,59.0,60.0,40.0,5.7
1137,2015-04-04 03:42:05,13.5,25.0,12.0,58.5,60.0,40.0,5.5
1138,2015-04-04 04:12:05,13.5,25.0,12.0,59.0,60.0,40.0,5.7
1139,2015-04-04 04:42:05,13.5,25.0,12.0,58.5,60.0,40.0,5.5
1140,2015-04-04 05:12:05,13.5,25.0,12.0,59.0,60.0,40.0,5.7
1141,2015-04-04 05:42:05,13.5,25.0,12.0,59.0,60.0,40.0,5.7
1142,2015-04-04 06:12:05,13.5,25.0,12.0,59.0,60.0,40.0,5.7
1143,2015-04-04 06:42:05,13.5,25.0,12.0,58.5,60.0,40.0,5.5
1144,2015-04-04 07:12:05,13.5,25.0,12.0,59.0,60.0,40.0,5.7
1145,2015-04-04 07:42:05,13.5,25.0,12.0,59.0,60.0,40.0,5.7
1146,2015-04-04 08:12:05,13.5,25.0,12.0,59.0,60.0,40.0,5.7
1147,2015-04-04 08:42:05,13.5,25.0,12.0,59.0,60.0,40.0,5.7
1148,2015-04-04 09:12:05,13.5,25.0,12.0,59.5,60.0,40.0,5.8
1149,2015-04-04 09:42:05,13.5,25.0,12.0,59.5,60.0,40.0,5.8
1150,2015-04-04 10:12:05,13.5,25.0,12.0,59.5,60.0,40.0,5.8
1151,2015-04-04 10:42:05,13.5,25.0,12.0,59.5,60.0,40.0,5.8
1152,2015-04-04 11:12:05,13.5,25.0,12.0,60.0,60.0,40.0,5.9
1153,2015-04-04 11:42:05,13.5,25.0,12.0,60.0,60.0,40.0,5.9
1154,2015-04-04 12:12:05,13.5,25.0,12.0,60.0,60.0,40.0,5.9
1155,2015-04-04 12:42:05,13.5,25.0,12.0,60.0,60.0,40.0,5.9
1156,2015-04-04 13:12:05,13.5,25.0,12.0,60.0,60.0,40.0,5.9
1157,2015-04-04 13:42:05,13.5,25.0,12.0,60.0,60.0,40.0,5.9
1158,2015-04-04 14:12:05,13.5,25.0,12.0,60.0,60.0,40.0,5.9
1159,2015-04-04 14:42:05,13.5,25.0,12.0,60.0,60.0,40.0,5.9
1160,2015-04-04 15:12:05,13.5,25.0,12.0,60.0,60.0,40.0,5.9
1161,2015-04-04 15:42:05,13.5,25.0,12.0,60.0,60.0,40.0,5.9
1162,2015-04-04 16:12:05,13.5,25.0,12.0,60.0,60.0,40.0,5.9
1163,2015-04-04 16:42:05,13.5,25.0,12.0,60.0,60.0,40.0,5.9
1164,2015-04-04 17:12:05,13.5,25.0,12.0,60.0,60.0,40.0,5.9
1165,2015-04-04 17:42:05,13.5,25.0,12.0,60.0,60.0,40.0,5.9
1166,2015-04-04 18:12:05,13.5,25.0,12.0,60.5,60.0,40.0,6.0
1167,2015-04-04 18:42:05,13.5,25.0,12.0,60.5,60.0,40.0,6.0
1168,2015-04-04 19:12:05,13.5,25.0,12.0,60.5,60.0,40.0,6.0
1169,2015-04-04 19:42:05,13.5,25.0,12.0,61.0,60.0,40.0,6.1
1170,2015-04-04 20:12:05,13.5,25.0,12.0,61.0,60.0,40.0,6.1
1171,2015-04-04 20:42:05,13.5,25.0,12.0,61.0,60.0,40.0,6.1
1172,2015-04-04 21:12:05,13.5,25.0,12.0,61.0,60.0,40.0,6.1
1173,2015-04-04 21:42:05,13.5,25.0,12.0,61.0,60.0,40.0,6.1
1174,2015-04-04 22:12:05,13.5,25.0,12.0,61.0,60.0,40.0,6.1
1175,2015-04-04 22:42:05,13.5,25.0,12.0,61.0,60.0,40.0,6.1
1176,2015-04-04 23:12:05,13.5,25.0,12.0,61.0,60.0,40.0,6.1
1177,2015-04-04 23:42:05,13.5,25.0,12.0,61.0,60.0,40.0,6.1
1178,2015-04-05 00:12:05,13.5,25.0,12.0,61.0,60.0,40.0,6.1
1179,2015-04-05 00:42:05,13.5,25.0,12.0,61.0,60.0,40.0,6.1
1180,2015-04-05 01:12:05,13.5,25.0,12.0,61.0,60.0,40.0,6.1
1181,2015-04-05 01:42:05,13.5,25.0,12.0,61.0,60.0,40.0,6.1
1182,2015-04-05 02:12:05,13.5,25.0,12.0,61.0,60.0,40.0,6.1
1183,2015-04-05 02:42:05,13.5,25.0,12.0,60.5,60.0,40.0,6.0
1184,2015-04-05 03:12:05,13.5,25.0,12.0,61.0,60.0,40.0,6.1
1185,2015-04-05 03:42:05,13.5,25.0,12.0,60.5,60.0,40.0,6.0
1186,2015-04-05 04:12:05,13.5,25.0,12.0,60.5,60.0,40.0,6.0
1187,2015-04-05 04:42:05,13.5,25.0,12.0,60.5,60.0,40.0,6.0
1188,2015-04-05 05:12:05,13.5,25.0,12.0,60.5,60.0,40.0,6.0
1189,2015-04-05 05:42:05,13.5,25.0,12.0,60.5,60.0,40.0,6.0
1190,2015-04-05 06:12:05,13.5,25.0,12.0,60.5,60.0,40.0,6.0
1191,2015-04-05 06:42:05,13.5,25.0,12.0,60.0,60.0,40.0,5.9
1192,2015-04-05 07:12:05,13.5,25.0,12.0,60.0,60.0,40.0,5.9
1193,2015-04-05 07:42:05,13.5,25.0,12.0,60.0,60.0,40.0,5.9
1194,2015-04-05 08:12:05,13.5,25.0,12.0,60.5,60.0,40.0,6.0
1195,2015-04-05 08:42:05,13.5,25.0,12.0,60.5,60.0,40.0,6.0
1196,2015-04-05 09:12:05,13.5,25.0,12.0,60.5,60.0,40.0,6.0
1197,2015-04-05 09:42:05,13.5,25.0,12.0,61.0,60.0,40.0,6.1
1198,2015-04-05 10:12:05,13.5,25.0,12.0,61.0,60.0,40.0,6.1
1199,2015-04-05 10:42:05,13.5,25.0,12.0,61.0,60.0,40.0,6.1
1200,2015-04-05 11:12:05,13.5,25.0,12.0,61.0,60.0,40.0,6.1
1201,2015-04-05 11:42:05,13.5,25.0,12.0,61.0,60.0,40.0,6.1
1202,2015-04-05 12:12:05,13.5,25.0,12.0,61.0,60.0,40.0,6.1
1203,2015-04-05 12:42:05,13.5,25.0,12.0,61.0,60.0,40.0,6.1
1204,2015-04-05 13:12:05,13.5,25.0,12.0,61.0,60.0,40.0,6.1
1205,2015-04-05 13:42:05,13.5,25.0,12.0,61.0,60.0,40.0,6.1
1206,2015-04-05 14:12:05,13.5,25.0,12.0,61.5,60.0,40.0,6.3
1207,2015-04-05 14:42:05,13.5,25.0,12.0,61.0,60.0,40.0,6.1
1208,2015-04-05 15:12:05,13.5,25.0,12.0,61.0,60.0,40.0,6.1
1209,2015-04-05 15:42:05,13.5,25.0,12.0,61.0,60.0,40.0,6.1
1210,2015-04-05 16:12:05,13.5,25.0,12.0,61.0,60.0,40.0,6.1
1211,2015-04-05 16:42:05,13.5,25.0,12.0,61.0,60.0,40.0,6.1
1212,2015-04-05 17:12:05,13.5,25.0,12.0,61.0,60.0,40.0,6.1
1213,2015-04-05 17:42:05,13.5,25.0,12.0,61.0,60.0,40.0,6.1
1214,2015-04-05 18:12:05,13.5,25.0,12.0,61.0,60.0,40.0,6.1
1215,2015-04-05 18:42:05,14.0,25.0,12.0,61.0,60.0,40.0,6.6
1216,2015-04-05 19:12:05,14.0,25.0,12.0,61.0,60.0,40.0,6.6
1217,2015-04-05 19:42:05,14.0,25.0,12.0,61.0,60.0,40.0,6.6
1218,2015-04-05 20:12:05,14.0,25.0,12.0,61.5,60.0,40.0,6.7
1219,2015-04-05 20:42:05,14.0,25.0,12.0,61.0,60.0,40.0,6.6
1220,2015-04-05 21:12:05,14.0,25.0,12.0,61.5,60.0,40.0,6.7
1221,2015-04-05 21:42:05,14.0,25.0,12.0,61.0,60.0,40.0,6.6
1222,2015-04-05 22:12:05,14.0,25.0,12.0,61.0,60.0,40.0,6.6
1223,2015-04-05 22:42:05,14.0,25.0,12.0,61.5,60.0,40.0,6.7
1224,2015-04-05 23:12:05,14.0,25.0,12.0,61.5,60.0,40.0,6.7
1225,2015-04-05 23:42:05,14.0,25.0,12.0,61.5,60.0,40.0,6.7
1226,2015-04-06 00:12:05,14.0,25.0,12.0,61.0,60.0,40.0,6.6
1227,2015-04-06 00:42:05,14.0,25.0,12.0,61.0,60.0,40.0,6.6
1228,2015-04-06 01:12:05,14.0,25.0,12.0,61.0,60.0,40.0,6.6
1229,2015-04-06 01:42:05,14.0,25.0,12.0,61.0,60.0,40.0,6.6
1230,2015-04-06 02:12:05,14.0,25.0,12.0,61.0,60.0,40.0,6.6
1231,2015-04-06 02:42:05,14.0,25.0,12.0,61.0,60.0,40.0,6.6
1232,2015-04-06 03:12:05,14.0,25.0,12.0,60.5,60.0,40.0,6.5
1233,2015-04-06 03:42:05,14.0,25.0,12.0,60.5,60.0,40.0,6.5
1234,2015-04-06 04:12:05,14.0,25.0,12.0,60.5,60.0,40.0,6.5
1235,2015-04-06 04:42:05,14.0,25.0,12.0,60.5,60.0,40.0,6.5
1236,2015-04-06 05:12:05,14.0,25.0,12.0,60.5,60.0,40.0,6.5
1237,2015-04-06 05:42:05,14.0,25.0,12.0,60.0,60.0,40.0,6.4
1238,2015-04-06 06:12:05,14.0,25.0,12.0,60.0,60.0,40.0,6.4
1239,2015-04-06 06:42:05,14.0,25.0,12.0,60.0,60.0,40.0,6.4
1240,2015-04-06 07:12:05,14.0,25.0,12.0,60.0,60.0,40.0,6.4
1241,2015-04-06 07:42:05,14.0,25.0,12.0,60.0,60.0,40.0,6.4
1242,2015-04-06 08:12:05,14.0,25.0,12.0,60.5,60.0,40.0,6.5
1243,2015-04-06 08:42:05,14.0,25.0,12.0,60.0,60.0,40.0,6.4
1244,2015-04-06 09:12:05,14.0,25.0,12.0,60.5,60.0,40.0,6.5
1245,2015-04-06 09:42:05,14.0,25.0,12.0,61.0,60.0,40.0,6.6
1246,2015-04-06 10:12:05,14.0,25.0,12.0,61.0,60.0,40.0,6.6
1247,2015-04-06 10:42:05,14.0,25.0,12.0,60.5,60.0,40.0,6.5
1248,2015-04-06 11:12:05,14.0,25.0,12.0,60.5,60.0,40.0,6.5
1249,2015-04-06 11:42:05,14.0,25.0,12.0,60.5,60.0,40.0,6.5
1250,2015-04-06 12:12:05,14.0,25.0,12.0,60.0,60.0,40.0,6.4
1251,2015-04-06 12:42:05,14.0,25.0,12.0,60.0,60.0,40.0,6.4
1252,2015-04-06 13:12:05,14.0,25.0,12.0,59.5,60.0,40.0,6.2
1253,2015-04-06 13:42:05,14.0,25.0,12.0,60.0,60.0,40.0,6.4
1254,2015-04-06 14:12:05,14.0,25.0,12.0,60.0,60.0,40.0,6.4
1255,2015-04-06 14:42:05,14.0,25.0,12.0,59.5,60.0,40.0,6.2
1256,2015-04-06 15:12:05,14.0,25.0,12.0,60.0,60.0,40.0,6.4
1257,2015-04-06 15:42:05,14.5,25.0,12.0,59.5,60.0,40.0,6.7
1258,2015-04-06 16:12:05,14.0,25.0,12.0,59.5,60.0,40.0,6.2
1259,2015-04-06 16:42:05,14.0,25.0,12.0,59.5,60.0,40.0,6.2
1260,2015-04-06 17:12:05,14.0,25.0,12.0,59.5,60.0,40.0,6.2
1261,2015-04-06 17:42:05,14.0,25.0,12.0,60.0,60.0,40.0,6.4
1262,2015-04-06 18:12:05,14.0,25.0,12.0,59.5,60.0,40.0,6.2
1263,2015-04-06 18:42:05,14.0,25.0,12.0,59.5,60.0,40.0,6.2
1264,2015-04-06 19:12:05,14.0,25.0,12.0,59.5,60.0,40.0,6.2
1265,2015-04-06 19:42:05,14.0,25.0,12.0,59.5,60.0,40.0,6.2
1266,2015-04-06 20:12:05,14.0,25.0,12.0,59.5,60.0,40.0,6.2
1267,2015-04-06 20:42:05,14.0,25.0,12.0,59.5,60.0,40.0,6.2
1268,2015-04-06 21:12:05,14.0,25.0,12.0,59.5,60.0,40.0,6.2
1269,2015-04-06 21:42:05,14.0,25.0,12.0,59.5,60.0,40.0,6.2
1270,2015-04-06 22:12:05,14.0,25.0,12.0,59.5,60.0,40.0,6.2
1271,2015-04-06 22:42:05,14.0,25.0,12.0,59.5,60.0,40.0,6.2
1272,2015-04-06 23:12:05,14.0,25.0,12.0,59.5,60.0,40.0,6.2
1273,2015-04-06 23:42:05,14.0,25.0,12.0,59.5,60.0,40.0,6.2
1274,2015-04-07 00:12:05,14.0,25.0,12.0,59.5,60.0,40.0,6.2
1275,2015-04-07 00:42:05,14.0,25.0,12.0,59.5,60.0,40.0,6.2
1276,2015-04-07 01:12:05,14.0,25.0,12.0,59.5,60.0,40.0,6.2
1277,2015-04-07 01:42:05,14.0,25.0,12.0,59.5,60.0,40.0,6.2
1278,2015-04-07 02:12:05,14.0,25.0,12.0,59.0,60.0,40.0,6.1
1279,2015-04-07 02:42:05,14.0,25.0,12.0,59.0,60.0,40.0,6.1
1280,2015-04-07 03:12:05,14.0,25.0,12.0,59.0,60.0,40.0,6.1
1281,2015-04-07 03:42:05,14.0,25.0,12.0,59.0,60.0,40.0,6.1
1282,2015-04-07 04:12:05,14.0,25.0,12.0,59.0,60.0,40.0,6.1
1283,2015-04-07 04:42:05,14.0,25.0,12.0,58.5,60.0,40.0,6.0
1284,2015-04-07 05:12:05,14.0,25.0,12.0,58.5,60.0,40.0,6.0
1285,2015-04-07 05:42:05,14.0,25.0,12.0,58.0,60.0,40.0,5.9
1286,2015-04-07 06:12:05,14.0,25.0,12.0,58.5,60.0,40.0,6.0
1287,2015-04-07 06:42:05,14.0,25.0,12.0,58.0,60.0,40.0,5.9
1288,2015-04-07 07:12:05,14.0,25.0,12.0,58.0,60.0,40.0,5.9
1289,2015-04-07 07:42:05,14.0,25.0,12.0,58.0,60.0,40.0,5.9
1290,2015-04-07 08:12:05,14.0,25.0,12.0,58.0,60.0,40.0,5.9
1291,2015-04-07 08:42:05,14.0,25.0,12.0,58.0,60.0,40.0,5.9
1292,2015-04-07 09:12:05,14.0,25.0,12.0,58.5,60.0,40.0,6.0
1293,2015-04-07 09:42:05,14.0,25.0,12.0,58.0,60.0,40.0,5.9
1294,2015-04-07 10:12:05,14.5,25.0,12.0,58.0,60.0,40.0,6.3
1295,2015-04-07 10:42:05,14.5,25.0,12.0,58.0,60.0,40.0,6.3
1296,2015-04-07 11:12:05,14.5,25.0,12.0,58.0,60.0,40.0,6.3
1297,2015-04-07 11:42:05,14.0,25.0,12.0,58.5,60.0,40.0,6.0
1298,2015-04-07 12:12:05,14.0,25.0,12.0,58.5,60.0,40.0,6.0
1299,2015-04-07 12:42:05,14.0,25.0,12.0,59.0,60.0,40.0,6.1
1300,2015-04-07 13:12:05,14.0,25.0,12.0,59.0,60.0,40.0,6.1
1301,2015-04-07 13:42:05,14.0,25.0,12.0,59.0,60.0,40.0,6.1
1302,2015-04-07 14:12:05,14.0,25.0,12.0,59.0,60.0,40.0,6.1
1303,2015-04-07 14:42:05,14.0,25.0,12.0,59.0,60.0,40.0,6.1
1304,2015-04-07 15:12:05,14.0,25.0,12.0,59.0,60.0,40.0,6.1
1305,2015-04-07 15:42:05,14.0,25.0,12.0,59.0,60.0,40.0,6.1
1306,2015-04-07 16:12:05,14.0,25.0,12.0,59.0,60.0,40.0,6.1
1307,2015-04-07 16:42:05,14.0,25.0,12.0,59.5,60.0,40.0,6.2
1308,2015-04-07 17:12:05,14.0,25.0,12.0,59.5,60.0,40.0,6.2
1309,2015-04-07 17:42:05,14.0,25.0,12.0,59.0,60.0,40.0,6.1
1310,2015-04-07 18:12:05,14.0,25.0,12.0,59.5,60.0,40.0,6.2
1311,2015-04-07 18:42:05,14.0,25.0,12.0,59.5,60.0,40.0,6.2
1312,2015-04-07 19:12:05,14.0,25.0,12.0,59.0,60.0,40.0,6.1
1313,2015-04-07 19:42:05,14.0,25.0,12.0,59.0,60.0,40.0,6.1
1314,2015-04-07 20:12:05,14.0,25.0,12.0,59.5,60.0,40.0,6.2
1315,2015-04-07 20:42:05,14.0,25.0,12.0,59.5,60.0,40.0,6.2
1316,2015-04-07 21:12:05,14.0,25.0,12.0,59.0,60.0,40.0,6.1
1317,2015-04-07 21:42:05,14.0,25.0,12.0,59.5,60.0,40.0,6.2
1318,2015-04-07 22:12:05,14.0,25.0,12.0,59.5,60.0,40.0,6.2
1319,2015-04-07 22:42:05,14.0,25.0,12.0,59.5,60.0,40.0,6.2
1320,2015-04-07 23:12:05,14.0,25.0,12.0,59.5,60.0,40.0,6.2
1321,2015-04-07 23:42:05,14.0,25.0,12.0,59.5,60.0,40.0,6.2
1322,2015-04-08 00:12:05,14.0,25.0,12.0,59.5,60.0,40.0,6.2
1323,2015-04-08 00:42:05,14.0,25.0,12.0,59.5,60.0,40.0,6.2
1324,2015-04-08 01:12:05,14.0,25.0,12.0,59.5,60.0,40.0,6.2
1325,2015-04-08 01:42:05,14.0,25.0,12.0,59.5,60.0,40.0,6.2
1326,2015-04-08 02:12:05,14.0,25.0,12.0,59.5,60.0,40.0,6.2
1327,2015-04-08 02:42:05,14.0,25.0,12.0,59.5,60.0,40.0,6.2
1328,2015-04-08 03:12:05,14.0,25.0,12.0,59.0,60.0,40.0,6.1
1329,2015-04-08 03:42:05,14.0,25.0,12.0,59.0,60.0,40.0,6.1
1330,2015-04-08 04:12:05,14.0,25.0,12.0,59.0,60.0,40.0,6.1
1331,2015-04-08 04:42:05,14.0,25.0,12.0,59.0,60.0,40.0,6.1
1332,2015-04-08 05:12:05,14.0,25.0,12.0,59.0,60.0,40.0,6.1
1333,2015-04-08 05:42:05,14.0,25.0,12.0,59.0,60.0,40.0,6.1
1334,2015-04-08 06:12:05,14.0,25.0,12.0,59.0,60.0,40.0,6.1
1335,2015-04-08 06:42:05,14.0,25.0,12.0,59.0,60.0,40.0,6.1
1336,2015-04-08 07:12:05,14.0,25.0,12.0,59.0,60.0,40.0,6.1
1337,2015-04-08 07:42:05,14.0,25.0,12.0,59.0,60.0,40.0,6.1
1338,2015-04-08 08:12:05,14.0,25.0,12.0,59.0,60.0,40.0,6.1
1339,2015-04-08 08:42:05,14.0,25.0,12.0,59.0,60.0,40.0,6.1
1340,2015-04-08 09:12:05,14.0,25.0,12.0,59.0,60.0,40.0,6.1
1341,2015-04-08 09:42:05,14.0,25.0,12.0,59.0,60.0,40.0,6.1
1342,2015-04-08 10:12:05,14.0,25.0,12.0,60.0,60.0,40.0,6.4
1343,2015-04-08 10:42:05,14.5,25.0,12.0,59.0,60.0,40.0,6.6
1344,2015-04-08 11:12:05,14.5,25.0,12.0,59.0,60.0,40.0,6.6
1345,2015-04-08 11:42:05,14.5,25.0,12.0,59.0,60.0,40.0,6.6
1346,2015-04-08 12:12:05,14.5,25.0,12.0,59.0,60.0,40.0,6.6
1347,2015-04-08 12:42:05,14.0,25.0,12.0,60.0,60.0,40.0,6.4
1348,2015-04-08 13:12:05,14.0,25.0,12.0,60.0,60.0,40.0,6.4
1349,2015-04-08 13:42:05,14.5,25.0,12.0,59.5,60.0,40.0,6.7
1350,2015-04-08 14:12:05,14.5,25.0,12.0,59.0,60.0,40.0,6.6
1351,2015-04-08 14:42:05,14.5,25.0,12.0,59.0,60.0,40.0,6.6
1352,2015-04-08 15:12:05,14.5,25.0,12.0,59.5,60.0,40.0,6.7
1353,2015-04-08 15:42:05,14.5,25.0,12.0,59.5,60.0,40.0,6.7
1354,2015-04-08 16:12:05,14.5,25.0,12.0,59.5,60.0,40.0,6.7
1355,2015-04-08 16:42:05,14.5,25.0,12.0,59.5,60.0,40.0,6.7
1356,2015-04-08 17:12:05,14.5,25.0,12.0,59.5,60.0,40.0,6.7
1357,2015-04-08 17:42:05,14.5,25.0,12.0,59.5,60.0,40.0,6.7
1358,2015-04-08 18:12:05,14.5,25.0,12.0,59.5,60.0,40.0,6.7
1359,2015-04-08 18:42:05,14.5,25.0,12.0,59.5,60.0,40.0,6.7
1360,2015-04-08 19:12:05,14.5,25.0,12.0,59.5,60.0,40.0,6.7
1361,2015-04-08 19:42:05,14.5,25.0,12.0,59.5,60.0,40.0,6.7
1362,2015-04-08 20:12:05,14.5,25.0,12.0,59.5,60.0,40.0,6.7
1363,2015-04-08 20:42:05,14.5,25.0,12.0,60.0,60.0,40.0,6.8
1364,2015-04-08 21:12:05,14.5,25.0,12.0,60.0,60.0,40.0,6.8
1365,2015-04-08 21:42:05,14.5,25.0,12.0,60.0,60.0,40.0,6.8
1366,2015-04-08 22:12:05,14.5,25.0,12.0,60.0,60.0,40.0,6.8
1367,2015-04-08 22:42:05,14.5,25.0,12.0,60.0,60.0,40.0,6.8
1368,2015-04-08 23:12:05,14.5,25.0,12.0,60.0,60.0,40.0,6.8
1369,2015-04-08 23:42:05,14.5,25.0,12.0,60.0,60.0,40.0,6.8
1370,2015-04-09 00:12:05,14.5,25.0,12.0,60.0,60.0,40.0,6.8
1371,2015-04-09 00:42:05,14.5,25.0,12.0,60.0,60.0,40.0,6.8
1372,2015-04-09 01:12:05,14.5,25.0,12.0,60.0,60.0,40.0,6.8
1373,2015-04-09 01:42:05,14.5,25.0,12.0,59.5,60.0,40.0,6.7
1374,2015-04-09 02:12:05,14.5,25.0,12.0,59.5,60.0,40.0,6.7
1375,2015-04-09 02:42:05,14.5,25.0,12.0,59.5,60.0,40.0,6.7
1376,2015-04-09 03:12:05,14.5,25.0,12.0,59.5,60.0,40.0,6.7
1377,2015-04-09 03:42:05,14.5,25.0,12.0,59.5,60.0,40.0,6.7
1378,2015-04-09 04:12:05,14.5,25.0,12.0,59.5,60.0,40.0,6.7
1379,2015-04-09 04:42:05,14.0,25.0,12.0,59.5,60.0,40.0,6.2
1380,2015-04-09 05:12:05,14.0,25.0,12.0,59.5,60.0,40.0,6.2
1381,2015-04-09 05:42:05,14.5,25.0,12.0,59.5,60.0,40.0,6.7
1382,2015-04-09 06:12:05,14.0,25.0,12.0,59.0,60.0,40.0,6.1
1383,2015-04-09 06:42:05,14.0,25.0,12.0,59.0,60.0,40.0,6.1
1384,2015-04-09 07:12:05,14.0,25.0,12.0,59.0,60.0,40.0,6.1
1385,2015-04-09 07:42:05,14.0,25.0,12.0,59.0,60.0,40.0,6.1
1386,2015-04-09 08:12:05,14.0,25.0,12.0,59.5,60.0,40.0,6.2
1387,2015-04-09 08:42:05,14.5,25.0,12.0,59.0,60.0,40.0,6.6
1388,2015-04-09 09:12:05,14.5,25.0,12.0,59.5,60.0,40.0,6.7
1389,2015-04-09 09:42:05,14.5,25.0,12.0,59.5,60.0,40.0,6.7
1390,2015-04-09 10:12:05,14.5,25.0,12.0,59.5,60.0,40.0,6.7
1391,2015-04-09 10:42:05,14.5,25.0,12.0,60.0,60.0,40.0,6.8
1392,2015-04-09 11:12:05,14.5,25.0,12.0,59.5,60.0,40.0,6.7
1393,2015-04-09 11:42:05,14.5,25.0,12.0,59.5,60.0,40.0,6.7
1394,2015-04-09 12:12:05,14.5,25.0,12.0,59.0,60.0,40.0,6.6
1395,2015-04-09 12:42:05,14.5,25.0,12.0,59.0,60.0,40.0,6.6
1396,2015-04-09 13:12:05,14.5,25.0,12.0,58.5,60.0,40.0,6.5
1397,2015-04-09 13:42:05,14.5,25.0,12.0,58.5,60.0,40.0,6.5
1398,2015-04-09 14:12:05,14.5,25.0,12.0,58.5,60.0,40.0,6.5
1399,2015-04-09 14:42:05,14.5,25.0,12.0,58.0,60.0,40.0,6.3
1400,2015-04-09 15:12:05,14.5,25.0,12.0,58.5,60.0,40.0,6.5
1401,2015-04-09 15:42:05,14.5,25.0,12.0,58.0,60.0,40.0,6.3
1402,2015-04-09 16:12:05,14.5,25.0,12.0,58.0,60.0,40.0,6.3
1403,2015-04-09 16:42:05,14.5,25.0,12.0,58.0,60.0,40.0,6.3
1404,2015-04-09 17:12:05,14.5,25.0,12.0,58.5,60.0,40.0,6.5
1405,2015-04-09 17:42:05,14.5,25.0,12.0,58.5,60.0,40.0,6.5
1406,2015-04-09 18:12:05,14.5,25.0,12.0,59.0,60.0,40.0,6.6
1407,2015-04-09 18:42:05,14.5,25.0,12.0,59.0,60.0,40.0,6.6
1408,2015-04-09 19:12:05,14.5,25.0,12.0,59.0,60.0,40.0,6.6
1409,2015-04-09 19:42:05,14.5,25.0,12.0,59.0,60.0,40.0,6.6
1410,2015-04-09 20:12:05,14.5,25.0,12.0,59.0,60.0,40.0,6.6
1411,2015-04-09 20:42:05,14.5,25.0,12.0,59.0,60.0,40.0,6.6
1412,2015-04-09 21:12:05,14.5,25.0,12.0,59.0,60.0,40.0,6.6
1413,2015-04-09 21:42:05,14.5,25.0,12.0,59.0,60.0,40.0,6.6
1414,2015-04-09 22:12:05,14.5,25.0,12.0,59.0,60.0,40.0,6.6
1415,2015-04-09 22:42:05,14.5,25.0,12.0,59.5,60.0,40.0,6.7
1416,2015-04-09 23:12:05,14.5,25.0,12.0,59.5,60.0,40.0,6.7
1417,2015-04-09 23:42:05,14.5,25.0,12.0,59.5,60.0,40.0,6.7
1418,2015-04-10 00:12:05,14.5,25.0,12.0,59.5,60.0,40.0,6.7
1419,2015-04-10 00:42:05,14.5,25.0,12.0,59.5,60.0,40.0,6.7
1420,2015-04-10 01:12:05,14.5,25.0,12.0,59.5,60.0,40.0,6.7
1421,2015-04-10 01:42:05,14.5,25.0,12.0,59.5,60.0,40.0,6.7
1422,2015-04-10 02:12:05,14.5,25.0,12.0,59.5,60.0,40.0,6.7
1423,2015-04-10 02:42:05,14.5,25.0,12.0,60.0,60.0,40.0,6.8
1424,2015-04-10 03:12:05,14.5,25.0,12.0,60.0,60.0,40.0,6.8
1425,2015-04-10 03:42:05,14.5,25.0,12.0,60.0,60.0,40.0,6.8
1426,2015-04-10 04:12:05,14.5,25.0,12.0,60.0,60.0,40.0,6.8
1427,2015-04-10 04:42:05,14.5,25.0,12.0,59.5,60.0,40.0,6.7
1428,2015-04-10 05:12:05,14.5,25.0,12.0,59.5,60.0,40.0,6.7
1429,2015-04-10 05:42:05,14.5,25.0,12.0,59.5,60.0,40.0,6.7
1430,2015-04-10 06:12:05,14.5,25.0,12.0,59.5,60.0,40.0,6.7
1431,2015-04-10 06:42:05,14.5,25.0,12.0,59.5,60.0,40.0,6.7
1432,2015-04-10 07:12:05,14.5,25.0,12.0,59.0,60.0,40.0,6.6
1433,2015-04-10 07:42:05,14.5,25.0,12.0,58.5,60.0,40.0,6.5
1434,2015-04-10 08:12:05,14.5,25.0,12.0,58.5,60.0,40.0,6.5
1435,2015-04-10 08:42:05,14.5,25.0,12.0,58.0,60.0,40.0,6.3
1436,2015-04-10 09:12:05,14.5,25.0,12.0,58.0,60.0,40.0,6.3
1437,2015-04-10 09:42:05,14.5,25.0,12.0,58.0,60.0,40.0,6.3
1438,2015-04-10 10:12:05,14.5,25.0,12.0,58.0,60.0,40.0,6.3
1439,2015-04-10 10:42:05,14.5,25.0,12.0,57.5,60.0,40.0,6.2
1440,2015-04-10 11:12:05,14.5,25.0,12.0,57.0,60.0,40.0,6.1
1441,2015-04-10 11:42:05,14.5,25.0,12.0,56.5,60.0,40.0,6.0
1442,2015-04-10 12:12:05,14.5,25.0,12.0,56.5,60.0,40.0,6.0
1443,2015-04-10 12:42:05,14.5,25.0,12.0,56.0,60.0,40.0,5.8
1444,2015-04-10 13:12:05,14.5,25.0,12.0,56.0,60.0,40.0,5.8
1445,2015-04-10 13:42:05,14.5,25.0,12.0,55.5,60.0,40.0,5.7
1446,2015-04-10 14:12:05,14.5,25.0,12.0,55.0,60.0,40.0,5.6
1447,2015-04-10 14:42:05,14.5,25.0,12.0,55.0,60.0,40.0,5.6
1448,2015-04-10 15:12:05,14.5,25.0,12.0,55.0,60.0,40.0,5.6
1449,2015-04-10 15:42:05,14.5,25.0,12.0,55.0,60.0,40.0,5.6
1450,2015-04-10 16:12:05,14.5,25.0,12.0,55.0,60.0,40.0,5.6
1451,2015-04-10 16:42:05,14.5,25.0,12.0,54.5,60.0,40.0,5.4
1452,2015-04-10 17:12:05,14.5,25.0,12.0,54.5,60.0,40.0,5.4
1453,2015-04-10 17:42:05,14.0,25.0,12.0,54.0,60.0,40.0,4.9
1454,2015-04-10 18:12:05,14.5,25.0,12.0,54.0,60.0,40.0,5.3
1455,2015-04-10 18:42:05,14.0,25.0,12.0,54.0,60.0,40.0,4.9
1456,2015-04-10 19:12:05,14.0,25.0,12.0,54.5,60.0,40.0,5.0
1457,2015-04-10 19:42:05,14.0,25.0,12.0,54.5,60.0,40.0,5.0
1458,2015-04-10 20:12:05,14.0,25.0,12.0,54.5,60.0,40.0,5.0
1459,2015-04-10 20:42:05,14.0,25.0,12.0,54.0,60.0,40.0,4.9
1460,2015-04-10 21:12:05,14.0,25.0,12.0,54.5,60.0,40.0,5.0
1461,2015-04-10 21:42:05,14.0,25.0,12.0,54.5,60.0,40.0,5.0
1462,2015-04-10 22:12:05,14.0,25.0,12.0,54.5,60.0,40.0,5.0
1463,2015-04-10 22:42:05,14.0,25.0,12.0,54.5,60.0,40.0,5.0
1464,2015-04-10 23:12:05,14.0,25.0,12.0,54.5,60.0,40.0,5.0
1465,2015-04-10 23:42:05,14.0,25.0,12.0,54.5,60.0,40.0,5.0
1466,2015-04-11 00:12:05,14.0,25.0,12.0,54.5,60.0,40.0,5.0
1467,2015-04-11 00:42:05,14.0,25.0,12.0,54.5,60.0,40.0,5.0
1468,2015-04-11 01:12:05,14.0,25.0,12.0,54.5,60.0,40.0,5.0
1469,2015-04-11 01:42:05,14.0,25.0,12.0,54.5,60.0,40.0,5.0
1470,2015-04-11 02:12:05,14.0,25.0,12.0,54.5,60.0,40.0,5.0
1471,2015-04-11 02:42:05,14.0,25.0,12.0,54.5,60.0,40.0,5.0
1472,2015-04-11 03:12:05,14.0,25.0,12.0,54.5,60.0,40.0,5.0
1473,2015-04-11 03:42:05,14.0,25.0,12.0,54.5,60.0,40.0,5.0
1474,2015-04-11 04:12:05,14.0,25.0,12.0,54.5,60.0,40.0,5.0
1475,2015-04-11 04:42:05,14.0,25.0,12.0,54.5,60.0,40.0,5.0
1476,2015-04-11 05:12:05,14.0,25.0,12.0,54.5,60.0,40.0,5.0
1477,2015-04-11 05:42:05,14.0,25.0,12.0,54.5,60.0,40.0,5.0
1478,2015-04-11 06:12:05,14.0,25.0,12.0,54.5,60.0,40.0,5.0
1479,2015-04-11 06:42:05,14.0,25.0,12.0,54.5,60.0,40.0,5.0
1480,2015-04-11 07:12:05,14.0,25.0,12.0,55.0,60.0,40.0,5.1
1481,2015-04-11 07:42:05,14.0,25.0,12.0,55.0,60.0,40.0,5.1
1482,2015-04-11 08:12:05,14.0,25.0,12.0,55.0,60.0,40.0,5.1
1483,2015-04-11 08:42:05,14.0,25.0,12.0,55.0,60.0,40.0,5.1
1484,2015-04-11 09:12:05,14.0,25.0,12.0,54.5,60.0,40.0,5.0
1485,2015-04-11 09:42:05,14.0,25.0,12.0,54.5,60.0,40.0,5.0
1486,2015-04-11 10:12:05,14.0,25.0,12.0,55.0,60.0,40.0,5.1
1487,2015-04-11 10:42:05,14.0,25.0,12.0,55.0,60.0,40.0,5.1
1488,2015-04-11 11:12:05,14.0,25.0,12.0,55.0,60.0,40.0,5.1
1489,2015-04-11 11:42:05,14.0,25.0,12.0,55.5,60.0,40.0,5.2
1490,2015-04-11 12:12:05,14.0,25.0,12.0,56.0,60.0,40.0,5.4
1491,2015-04-11 12:42:05,14.0,25.0,12.0,56.5,60.0,40.0,5.5
1492,2015-04-11 13:12:05,14.0,25.0,12.0,57.0,60.0,40.0,5.6
1493,2015-04-11 13:42:05,14.0,25.0,12.0,57.0,60.0,40.0,5.6
1494,2015-04-11 14:12:05,14.0,25.0,12.0,57.0,60.0,40.0,5.6
1495,2015-04-11 14:42:05,14.0,25.0,12.0,57.0,60.0,40.0,5.6
1496,2015-04-11 15:12:05,14.0,25.0,12.0,57.0,60.0,40.0,5.6
1497,2015-04-11 15:42:05,14.0,25.0,12.0,56.5,60.0,40.0,5.5
1498,2015-04-11 16:12:05,14.0,25.0,12.0,56.5,60.0,40.0,5.5
1499,2015-04-11 16:42:05,14.0,25.0,12.0,56.5,60.0,40.0,5.5
1500,2015-04-11 17:12:05,14.0,25.0,12.0,56.5,60.0,40.0,5.5
1501,2015-04-11 17:42:05,14.0,25.0,12.0,56.5,60.0,40.0,5.5
1502,2015-04-11 18:12:05,14.0,25.0,12.0,56.0,60.0,40.0,5.4
1503,2015-04-11 18:42:05,14.0,25.0,12.0,56.0,60.0,40.0,5.4
1504,2015-04-11 19:12:05,14.0,25.0,12.0,56.0,60.0,40.0,5.4
1505,2015-04-11 19:42:05,14.0,25.0,12.0,56.0,60.0,40.0,5.4
1506,2015-04-11 20:12:05,14.0,25.0,12.0,56.0,60.0,40.0,5.4
1507,2015-04-11 20:42:05,14.0,25.0,12.0,56.0,60.0,40.0,5.4
1508,2015-04-11 21:12:05,14.0,25.0,12.0,56.0,60.0,40.0,5.4
1509,2015-04-11 21:42:05,14.0,25.0,12.0,56.0,60.0,40.0,5.4
1510,2015-04-11 22:12:05,14.0,25.0,12.0,56.0,60.0,40.0,5.4
1511,2015-04-11 22:42:05,14.0,25.0,12.0,56.0,60.0,40.0,5.4
1512,2015-04-11 23:12:05,14.0,25.0,12.0,56.0,60.0,40.0,5.4
1513,2015-04-11 23:42:05,14.0,25.0,12.0,56.0,60.0,40.0,5.4
1514,2015-04-12 00:12:05,14.0,25.0,12.0,56.0,60.0,40.0,5.4
1515,2015-04-12 00:42:05,14.0,25.0,12.0,56.0,60.0,40.0,5.4
1516,2015-04-12 01:12:05,14.0,25.0,12.0,56.0,60.0,40.0,5.4
1517,2015-04-12 01:42:05,14.0,25.0,12.0,56.0,60.0,40.0,5.4
1518,2015-04-12 02:12:05,13.5,25.0,12.0,56.0,60.0,40.0,4.9
1519,2015-04-12 02:42:05,13.5,25.0,12.0,56.0,60.0,40.0,4.9
1520,2015-04-12 03:12:05,13.5,25.0,12.0,56.0,60.0,40.0,4.9
1521,2015-04-12 03:42:05,13.5,25.0,12.0,56.0,60.0,40.0,4.9
1522,2015-04-12 04:12:05,13.5,25.0,12.0,56.0,60.0,40.0,4.9
1523,2015-04-12 04:42:05,13.5,25.0,12.0,56.0,60.0,40.0,4.9
1524,2015-04-12 05:12:05,13.5,25.0,12.0,56.0,60.0,40.0,4.9
1525,2015-04-12 05:42:05,13.5,25.0,12.0,55.5,60.0,40.0,4.8
1526,2015-04-12 06:12:05,13.5,25.0,12.0,55.5,60.0,40.0,4.8
1527,2015-04-12 06:42:05,13.5,25.0,12.0,55.5,60.0,40.0,4.8
1528,2015-04-12 07:12:05,13.5,25.0,12.0,55.5,60.0,40.0,4.8
1529,2015-04-12 07:42:05,13.5,25.0,12.0,55.0,60.0,40.0,4.6
1530,2015-04-12 08:12:05,13.5,25.0,12.0,55.0,60.0,40.0,4.6
1531,2015-04-12 08:42:05,13.5,25.0,12.0,55.0,60.0,40.0,4.6
1532,2015-04-12 09:12:05,13.5,25.0,12.0,55.0,60.0,40.0,4.6
1533,2015-04-12 09:42:05,13.5,25.0,12.0,55.0,60.0,40.0,4.6
1534,2015-04-12 10:12:05,13.5,25.0,12.0,54.5,60.0,40.0,4.5
1535,2015-04-12 10:42:05,13.5,25.0,12.0,54.5,60.0,40.0,4.5
1536,2015-04-12 11:12:05,13.5,25.0,12.0,54.5,60.0,40.0,4.5
1537,2015-04-12 11:42:05,14.0,25.0,12.0,54.0,60.0,40.0,4.9
1538,2015-04-12 12:12:05,14.0,25.0,12.0,54.0,60.0,40.0,4.9
1539,2015-04-12 12:42:05,14.0,25.0,12.0,54.5,60.0,40.0,5.0
1540,2015-04-12 13:12:05,14.0,25.0,12.0,54.5,60.0,40.0,5.0
1541,2015-04-12 13:42:05,14.0,25.0,12.0,55.0,60.0,40.0,5.1
1542,2015-04-12 14:12:05,13.5,25.0,12.0,55.5,60.0,40.0,4.8
1543,2015-04-12 14:42:05,14.0,25.0,12.0,56.0,60.0,40.0,5.4
1544,2015-04-12 15:12:05,14.0,25.0,12.0,56.5,60.0,40.0,5.5
1545,2015-04-12 15:42:05,14.0,25.0,12.0,57.0,60.0,40.0,5.6
1546,2015-04-12 16:12:05,14.0,25.0,12.0,57.0,60.0,40.0,5.6
1547,2015-04-12 16:42:05,14.0,25.0,12.0,57.5,60.0,40.0,5.8
1548,2015-04-12 17:12:05,14.0,25.0,12.0,58.0,60.0,40.0,5.9
1549,2015-04-12 17:42:05,14.0,25.0,12.0,58.0,60.0,40.0,5.9
1550,2015-04-12 18:12:05,14.0,25.0,12.0,58.5,60.0,40.0,6.0
1551,2015-04-12 18:42:05,14.0,25.0,12.0,58.5,60.0,40.0,6.0
1552,2015-04-12 19:12:05,14.0,25.0,12.0,59.0,60.0,40.0,6.1
1553,2015-04-12 19:42:05,14.0,25.0,12.0,59.0,60.0,40.0,6.1
1554,2015-04-12 20:12:05,14.0,25.0,12.0,59.0,60.0,40.0,6.1
1555,2015-04-12 20:42:05,14.0,25.0,12.0,59.5,60.0,40.0,6.2
1556,2015-04-12 21:12:05,14.0,25.0,12.0,59.0,60.0,40.0,6.1
1557,2015-04-12 21:42:05,14.0,25.0,12.0,59.5,60.0,40.0,6.2
1558,2015-04-12 22:12:05,14.0,25.0,12.0,59.5,60.0,40.0,6.2
1559,2015-04-12 22:42:05,14.0,25.0,12.0,59.5,60.0,40.0,6.2
1560,2015-04-12 23:12:05,14.0,25.0,12.0,59.5,60.0,40.0,6.2
1561,2015-04-12 23:42:05,14.0,25.0,12.0,59.5,60.0,40.0,6.2
1562,2015-04-13 00:12:05,14.0,25.0,12.0,59.0,60.0,40.0,6.1
1563,2015-04-13 00:42:05,14.0,25.0,12.0,59.0,60.0,40.0,6.1
1564,2015-04-13 01:12:05,14.0,25.0,12.0,59.5,60.0,40.0,6.2
1565,2015-04-13 01:42:05,14.0,25.0,12.0,59.0,60.0,40.0,6.1
1566,2015-04-13 02:12:05,14.0,25.0,12.0,59.5,60.0,40.0,6.2
1567,2015-04-13 02:42:05,14.0,25.0,12.0,59.5,60.0,40.0,6.2
1568,2015-04-13 03:12:05,14.0,25.0,12.0,59.5,60.0,40.0,6.2
1569,2015-04-13 03:42:05,14.0,25.0,12.0,59.5,60.0,40.0,6.2
1570,2015-04-13 04:12:05,14.0,25.0,12.0,59.5,60.0,40.0,6.2
1571,2015-04-13 04:42:05,14.0,25.0,12.0,59.5,60.0,40.0,6.2
1572,2015-04-13 05:12:05,14.0,25.0,12.0,59.5,60.0,40.0,6.2
1573,2015-04-13 05:42:05,14.0,25.0,12.0,59.5,60.0,40.0,6.2
1574,2015-04-13 06:12:05,14.0,25.0,12.0,59.5,60.0,40.0,6.2
1575,2015-04-13 06:42:05,14.0,25.0,12.0,59.5,60.0,40.0,6.2
1576,2015-04-13 07:12:05,14.0,25.0,12.0,59.5,60.0,40.0,6.2
1577,2015-04-13 07:42:05,14.0,25.0,12.0,59.5,60.0,40.0,6.2
1578,2015-04-13 08:12:05,14.0,25.0,12.0,59.5,60.0,40.0,6.2
1579,2015-04-13 08:42:05,14.0,25.0,12.0,59.5,60.0,40.0,6.2
1580,2015-04-13 09:12:05,14.0,25.0,12.0,60.0,60.0,40.0,6.4
1581,2015-04-13 09:42:05,14.0,25.0,12.0,60.0,60.0,40.0,6.4
1582,2015-04-13 10:12:05,14.0,25.0,12.0,60.0,60.0,40.0,6.4
1583,2015-04-13 10:42:05,14.0,25.0,12.0,60.0,60.0,40.0,6.4
1584,2015-04-13 11:12:05,14.0,25.0,12.0,59.5,60.0,40.0,6.2
1585,2015-04-13 11:42:05,14.0,25.0,12.0,59.5,60.0,40.0,6.2
1586,2015-04-13 12:12:05,14.0,25.0,12.0,59.5,60.0,40.0,6.2
1587,2015-04-13 12:42:05,14.0,25.0,12.0,59.5,60.0,40.0,6.2
1588,2015-04-13 13:12:05,14.0,25.0,12.0,59.5,60.0,40.0,6.2
1589,2015-04-13 13:42:05,14.5,25.0,12.0,58.0,60.0,40.0,6.3
1590,2015-04-13 14:12:05,14.0,25.0,12.0,58.5,60.0,40.0,6.0
1591,2015-04-13 14:42:05,14.0,25.0,12.0,58.5,60.0,40.0,6.0
1592,2015-04-13 15:12:05,14.0,25.0,12.0,58.5,60.0,40.0,6.0
1593,2015-04-13 15:42:05,14.0,25.0,12.0,58.0,60.0,40.0,5.9
1594,2015-04-13 16:12:05,14.0,25.0,12.0,58.0,60.0,40.0,5.9
1595,2015-04-13 16:42:05,14.0,25.0,12.0,58.0,60.0,40.0,5.9
1596,2015-04-13 17:12:05,14.0,25.0,12.0,58.0,60.0,40.0,5.9
1597,2015-04-13 17:42:05,14.0,25.0,12.0,58.0,60.0,40.0,5.9
1598,2015-04-13 18:12:05,14.0,25.0,12.0,58.5,60.0,40.0,6.0
1599,2015-04-13 18:42:05,14.0,25.0,12.0,58.5,60.0,40.0,6.0
1600,2015-04-13 19:12:05,14.0,25.0,12.0,58.5,60.0,40.0,6.0
1601,2015-04-13 19:42:05,14.0,25.0,12.0,59.0,60.0,40.0,6.1
1602,2015-04-13 20:12:05,14.0,25.0,12.0,59.0,60.0,40.0,6.1
1603,2015-04-13 20:42:05,14.0,25.0,12.0,59.0,60.0,40.0,6.1
1604,2015-04-13 21:12:05,14.0,25.0,12.0,59.0,60.0,40.0,6.1
1605,2015-04-13 21:42:05,14.0,25.0,12.0,59.0,60.0,40.0,6.1
1606,2015-04-13 22:12:05,14.0,25.0,12.0,59.0,60.0,40.0,6.1
1607,2015-04-13 22:42:05,14.0,25.0,12.0,59.0,60.0,40.0,6.1
1608,2015-04-13 23:12:05,14.0,25.0,12.0,59.0,60.0,40.0,6.1
1609,2015-04-13 23:42:05,14.0,25.0,12.0,59.0,60.0,40.0,6.1
1610,2015-04-14 00:12:05,14.0,25.0,12.0,59.0,60.0,40.0,6.1
1611,2015-04-14 00:42:05,14.0,25.0,12.0,59.0,60.0,40.0,6.1
1612,2015-04-14 01:12:05,14.0,25.0,12.0,59.0,60.0,40.0,6.1
1613,2015-04-14 01:42:05,14.0,25.0,12.0,59.0,60.0,40.0,6.1
1614,2015-04-14 02:12:05,14.0,25.0,12.0,59.0,60.0,40.0,6.1
1615,2015-04-14 02:42:05,14.0,25.0,12.0,59.0,60.0,40.0,6.1
1616,2015-04-14 03:12:05,14.0,25.0,12.0,59.0,60.0,40.0,6.1
1617,2015-04-14 03:42:05,14.0,25.0,12.0,59.0,60.0,40.0,6.1
1618,2015-04-14 04:12:05,14.0,25.0,12.0,59.0,60.0,40.0,6.1
1619,2015-04-14 04:42:05,14.0,25.0,12.0,59.0,60.0,40.0,6.1
1620,2015-04-14 05:12:05,14.0,25.0,12.0,59.0,60.0,40.0,6.1
1621,2015-04-14 05:42:05,14.0,25.0,12.0,59.0,60.0,40.0,6.1
1622,2015-04-14 06:12:05,14.0,25.0,12.0,59.0,60.0,40.0,6.1
1623,2015-04-14 06:42:05,14.0,25.0,12.0,59.0,60.0,40.0,6.1
1624,2015-04-14 07:12:05,14.0,25.0,12.0,59.0,60.0,40.0,6.1
1625,2015-04-14 07:42:05,14.0,25.0,12.0,59.0,60.0,40.0,6.1
1626,2015-04-14 08:12:05,14.0,25.0,12.0,59.0,60.0,40.0,6.1
1627,2015-04-14 08:42:05,14.0,25.0,12.0,59.0,60.0,40.0,6.1
